SDF assignment March 2019, simulated position coordinate readings
 LZF, 12 Mar 2019
 time/s xMeas/m yMeas/m range/m angle/rad
01500000 -4290.41 -6028.79 7398.65 -2.189442
01500060 -4289.72 -6028.58 7399.18 -2.189276
01500120 -4290.04 -6030.46 7399.32 -2.189096
01500180 -4289.15 -6029.92 7400.78 -2.189168
01500240 -4288.84 -6030.65 7400.79 -2.189087
01500300 -4289.01 -6030.48 7400.13 -2.188919
01500360 -4288.71 -6030.69 7400.05 -2.188956
01500420 -4288.68 -6032.03 7401.93 -2.188928
01500480 -4288.79 -6032.65 7401.65 -2.188900
01500540 -4289.43 -6032.58 7401.53 -2.189046
01500600 -4288.33 -6032.50 7401.86 -2.188709
01500660 -4288.47 -6032.94 7400.59 -2.188876
01500720 -4288.22 -6033.96 7403.31 -2.188768
01500780 -4287.57 -6034.29 7401.26 -2.188606
01500840 -4287.13 -6035.29 7402.42 -2.188406
01500900 -4286.75 -6034.29 7401.43 -2.188752
01500960 -4286.34 -6035.71 7402.12 -2.188412
01501020 -4286.60 -6036.33 7404.17 -2.188203
01501080 -4287.06 -6035.73 7402.30 -2.188250
01501140 -4286.46 -6036.51 7402.00 -2.188073
01501200 -4286.47 -6036.09 7404.80 -2.188182
01501260 -4286.25 -6037.08 7403.22 -2.188120
01501320 -4285.28 -6038.00 7404.31 -2.188062
01501380 -4286.23 -6038.72 7403.23 -2.187945
01501440 -4286.12 -6039.15 7403.33 -2.187833
01501500 -4285.80 -6038.65 7404.59 -2.188096
01501560 -4284.86 -6038.70 7405.68 -2.187710
01501620 -4285.51 -6040.69 7405.01 -2.187926
01501680 -4284.66 -6040.26 7406.59 -2.187737
01501740 -4285.10 -6040.55 7403.08 -2.187652
01501800 -4283.55 -6040.06 7404.59 -2.187699
01501860 -4284.01 -6041.16 7404.93 -2.187488
01501920 -4283.73 -6041.90 7407.29 -2.187529
01501980 -4283.82 -6042.31 7406.66 -2.187417
01502040 -4283.93 -6043.02 7406.05 -2.187460
01502100 -4283.96 -6042.40 7408.75 -2.187406
01502160 -4282.13 -6041.97 7406.64 -2.187299
01502220 -4282.45 -6043.20 7407.70 -2.187314
01502280 -4281.99 -6044.30 7407.94 -2.187295
01502340 -4282.07 -6044.88 7410.17 -2.187144
01502400 -4282.22 -6044.81 7408.08 -2.187169
01502460 -4282.34 -6045.31 7409.23 -2.186987
01502520 -4282.98 -6044.95 7407.49 -2.186889
01502580 -4281.73 -6046.27 7408.82 -2.186924
01502640 -4281.54 -6046.29 7408.50 -2.186882
01502700 -4280.25 -6048.07 7410.96 -2.186807
01502760 -4281.02 -6046.91 7411.03 -2.186990
01502820 -4279.93 -6047.65 7408.60 -2.186879
01502880 -4280.15 -6048.52 7408.85 -2.186481
01502940 -4280.29 -6048.09 7409.87 -2.186566
01503000 -4280.61 -6049.17 7410.93 -2.186482
01503060 -4279.48 -6050.75 7411.01 -2.186616
01503120 -4280.24 -6049.82 7410.54 -2.186591
01503180 -4278.52 -6050.26 7410.97 -2.186653
01503240 -4278.68 -6051.06 7409.92 -2.186492
01503300 -4279.19 -6050.79 7411.85 -2.186230
01503360 -4278.71 -6051.22 7410.77 -2.186436
01503420 -4278.66 -6050.98 7410.24 -2.186149
01503480 -4278.39 -6051.33 7412.95 -2.186265
01503540 -4278.04 -6052.88 7412.11 -2.186108
01503600 -4278.04 -6052.77 7410.51 -2.186017
01503660 -4277.04 -6053.92 7411.88 -2.185921
01503720 -4277.85 -6054.46 7412.04 -2.186036
01503780 -4276.99 -6053.87 7412.97 -2.186007
01503840 -4277.04 -6054.76 7412.05 -2.185760
01503900 -4276.80 -6055.69 7412.37 -2.185850
01503960 -4276.55 -6054.19 7414.25 -2.185649
01504020 -4274.87 -6055.24 7413.01 -2.185763
01504080 -4276.57 -6056.94 7416.03 -2.185718
01504140 -4275.47 -6057.07 7413.36 -2.185500
01504200 -4275.65 -6057.77 7414.74 -2.185455
01504260 -4276.77 -6057.31 7413.83 -2.185488
01504320 -4275.36 -6058.00 7414.73 -2.185360
01504380 -4276.26 -6058.42 7414.20 -2.185166
01504440 -4276.14 -6058.52 7415.01 -2.185273
01504500 -4274.27 -6059.11 7416.33 -2.185130
01504560 -4275.20 -6059.40 7415.53 -2.185362
01504620 -4274.39 -6060.32 7416.27 -2.185188
01504680 -4274.58 -6060.53 7414.95 -2.185203
01504740 -4274.47 -6060.82 7416.49 -2.184931
01504800 -4273.06 -6060.68 7415.58 -2.185055
01504860 -4274.51 -6060.98 7415.44 -2.184735
01504920 -4273.68 -6061.60 7417.18 -2.184887
01504980 -4273.04 -6062.10 7417.56 -2.184725
01505040 -4273.24 -6063.02 7416.71 -2.184781
01505100 -4272.75 -6063.09 7418.97 -2.184839
01505160 -4273.11 -6064.31 7417.25 -2.184509
01505220 -4273.05 -6063.96 7418.04 -2.184643
01505280 -4272.20 -6063.27 7418.83 -2.184559
01505340 -4272.98 -6063.93 7416.72 -2.184487
01505400 -4271.75 -6064.96 7419.10 -2.184586
01505460 -4272.75 -6065.14 7417.31 -2.184594
01505520 -4272.05 -6066.01 7418.95 -2.184426
01505580 -4271.29 -6065.56 7417.65 -2.184405
01505640 -4271.46 -6066.44 7419.54 -2.184400
01505700 -4272.56 -6067.26 7419.86 -2.184304
01505760 -4270.15 -6067.19 7418.75 -2.184299
01505820 -4270.71 -6067.38 7420.40 -2.184332
01505880 -4270.45 -6067.81 7420.39 -2.184217
01505940 -4270.82 -6068.14 7420.56 -2.184046
01506000 -4271.14 -6067.75 7420.41 -2.183977
01506060 -4269.66 -6068.95 7420.16 -2.183835
01506120 -4270.83 -6069.26 7422.41 -2.183833
01506180 -4270.29 -6069.57 7422.32 -2.183825
01506240 -4269.70 -6069.20 7421.46 -2.183750
01506300 -4270.46 -6069.02 7421.22 -2.183940
01506360 -4268.86 -6070.85 7422.10 -2.183601
01506420 -4268.97 -6070.97 7423.15 -2.183702
01506480 -4269.22 -6071.56 7423.53 -2.183650
01506540 -4269.19 -6072.71 7422.71 -2.183298
01506600 -4268.34 -6072.46 7422.87 -2.183533
01506660 -4268.57 -6072.33 7422.50 -2.183258
01506720 -4268.78 -6073.32 7423.65 -2.183515
01506780 -4268.70 -6073.39 7424.40 -2.183259
01506840 -4268.69 -6073.11 7422.05 -2.183220
01506900 -4268.05 -6074.35 7421.50 -2.183403
01506960 -4267.87 -6074.01 7423.97 -2.183304
01507020 -4267.10 -6075.61 7424.22 -2.183130
01507080 -4266.44 -6075.10 7424.85 -2.183130
01507140 -4266.51 -6076.11 7425.11 -2.182956
01507200 -4266.62 -6076.29 7426.16 -2.183070
01507260 -4266.80 -6076.67 7424.99 -2.182999
01507320 -4266.91 -6077.27 7424.15 -2.183102
01507380 -4266.97 -6077.72 7424.07 -2.182886
01507440 -4266.27 -6076.80 7425.01 -2.182866
01507500 -4265.61 -6077.74 7426.47 -2.182929
01507560 -4266.27 -6078.33 7426.57 -2.182636
01507620 -4265.50 -6078.47 7426.70 -2.182811
01507680 -4265.22 -6079.05 7427.59 -2.182832
01507740 -4264.96 -6079.41 7426.44 -2.182629
01507800 -4264.86 -6080.27 7427.56 -2.182577
01507860 -4265.39 -6080.34 7426.08 -2.182327
01507920 -4264.61 -6080.80 7425.75 -2.182624
01507980 -4265.21 -6080.91 7427.92 -2.182518
01508040 -4263.01 -6080.75 7428.71 -2.182429
01508100 -4264.34 -6081.51 7427.80 -2.182185
01508160 -4263.84 -6082.18 7429.15 -2.182023
01508220 -4263.57 -6083.18 7427.35 -2.182181
01508280 -4263.66 -6082.66 7429.64 -2.182150
01508340 -4263.37 -6083.44 7428.58 -2.182034
01508400 -4263.78 -6083.30 7428.06 -2.182197
01508460 -4264.04 -6084.01 7427.98 -2.181991
01508520 -4263.36 -6084.24 7427.39 -2.181847
01508580 -4262.70 -6083.72 7429.07 -2.181990
01508640 -4263.19 -6086.06 7429.13 -2.181806
01508700 -4262.23 -6085.22 7431.37 -2.181875
01508760 -4263.20 -6085.42 7430.81 -2.181632
01508820 -4261.78 -6085.48 7431.00 -2.181584
01508880 -4262.54 -6086.81 7430.29 -2.181547
01508940 -4261.34 -6087.06 7430.60 -2.181604
01509000 -4259.83 -6086.35 7431.38 -2.181591
01509060 -4262.06 -6087.45 7431.12 -2.181633
01509120 -4260.70 -6087.78 7431.31 -2.181520
01509180 -4261.56 -6087.86 7430.15 -2.181496
01509240 -4261.57 -6088.33 7431.57 -2.181332
01509300 -4260.32 -6089.58 7430.93 -2.181393
01509360 -4261.40 -6090.51 7432.78 -2.181283
01509420 -4261.03 -6090.28 7431.48 -2.181382
01509480 -4259.86 -6090.53 7432.78 -2.181178
01509540 -4260.14 -6090.11 7432.23 -2.181173
01509600 -4259.75 -6090.73 7433.71 -2.181062
01509660 -4259.27 -6091.67 7433.57 -2.181104
01509720 -4259.34 -6091.06 7431.85 -2.180929
01509780 -4259.41 -6092.44 7433.83 -2.180883
01509840 -4259.98 -6093.23 7433.45 -2.180955
01509900 -4259.49 -6092.53 7433.71 -2.180604
01509960 -4258.91 -6093.03 7434.23 -2.180634
01510020 -4259.48 -6094.41 7433.54 -2.180802
01510080 -4258.36 -6094.68 7435.54 -2.180700
01510140 -4257.54 -6094.83 7435.10 -2.180796
01510200 -4258.02 -6095.37 7433.34 -2.180640
01510260 -4258.06 -6095.44 7434.44 -2.180681
01510320 -4257.14 -6095.94 7434.70 -2.180417
01510380 -4257.04 -6095.46 7435.48 -2.180342
01510440 -4257.59 -6095.47 7437.46 -2.180258
01510500 -4257.74 -6096.38 7435.97 -2.180299
01510560 -4257.82 -6096.67 7436.97 -2.180301
01510620 -4258.00 -6097.79 7436.63 -2.180272
01510680 -4257.29 -6097.84 7435.30 -2.180132
01510740 -4257.53 -6098.31 7437.13 -2.180030
01510800 -4256.07 -6098.64 7438.36 -2.180115
01510860 -4256.66 -6100.03 7438.00 -2.180137
01510920 -4255.87 -6099.20 7438.81 -2.180108
01510980 -4255.69 -6099.84 7437.44 -2.179979
01511040 -4255.77 -6100.31 7439.40 -2.179921
01511100 -4255.59 -6101.49 7438.78 -2.179906
01511160 -4255.19 -6101.01 7438.95 -2.179868
01511220 -4254.64 -6101.15 7438.44 -2.179656
01511280 -4255.03 -6101.80 7441.40 -2.179800
01511340 -4255.07 -6102.47 7438.44 -2.179608
01511400 -4254.66 -6102.84 7439.35 -2.179768
01511460 -4254.27 -6102.68 7439.54 -2.179682
01511520 -4254.69 -6103.07 7438.90 -2.179597
01511580 -4253.70 -6103.68 7439.56 -2.179346
01511640 -4253.70 -6104.02 7440.01 -2.179377
01511700 -4253.77 -6104.58 7441.33 -2.179480
01511760 -4252.61 -6105.08 7441.23 -2.179413
01511820 -4253.37 -6104.92 7439.99 -2.179430
01511880 -4252.86 -6105.22 7439.31 -2.179148
01511940 -4253.05 -6105.45 7440.06 -2.179309
01512000 -4253.50 -6105.88 7441.67 -2.179108
01512060 -4252.80 -6106.55 7442.61 -2.179108
01512120 -4253.90 -6106.08 7443.89 -2.179075
01512180 -4252.44 -6107.21 7440.08 -2.179006
01512240 -4252.75 -6108.62 7442.12 -2.179161
01512300 -4253.32 -6109.30 7442.95 -2.179134
01512360 -4254.31 -6108.59 7443.93 -2.179086
01512420 -4253.90 -6109.16 7446.26 -2.178967
01512480 -4254.79 -6111.16 7445.46 -2.178867
01512540 -4256.14 -6110.63 7446.81 -2.179098
01512600 -4255.19 -6111.79 7445.81 -2.179293
01512660 -4255.35 -6111.85 7447.23 -2.179083
01512720 -4256.86 -6112.88 7449.90 -2.178953
01512780 -4256.82 -6113.83 7449.34 -2.178975
01512840 -4256.50 -6114.78 7449.69 -2.178955
01512900 -4257.60 -6114.87 7451.61 -2.178971
01512960 -4257.72 -6115.69 7451.29 -2.178983
01513020 -4257.93 -6115.68 7453.99 -2.179012
01513080 -4258.97 -6116.42 7454.64 -2.179155
01513140 -4259.51 -6117.22 7454.63 -2.179038
01513200 -4259.24 -6117.05 7454.93 -2.178986
01513260 -4260.48 -6117.92 7455.41 -2.178995
01513320 -4260.14 -6119.71 7456.51 -2.179003
01513380 -4262.25 -6119.61 7456.71 -2.179091
01513440 -4262.03 -6120.02 7456.40 -2.179122
01513500 -4262.48 -6121.19 7460.18 -2.178956
01513560 -4262.32 -6121.53 7460.66 -2.179031
01513620 -4262.02 -6121.53 7458.84 -2.179044
01513680 -4262.99 -6122.48 7459.39 -2.179176
01513740 -4263.67 -6123.74 7459.67 -2.178801
01513800 -4264.42 -6123.57 7461.63 -2.178997
01513860 -4264.43 -6124.19 7462.20 -2.179044
01513920 -4265.12 -6124.67 7464.54 -2.178991
01513980 -4265.94 -6126.16 7464.54 -2.179033
01514040 -4265.66 -6126.57 7465.79 -2.178990
01514100 -4266.96 -6126.96 7464.81 -2.179152
01514160 -4266.71 -6127.87 7466.67 -2.178897
01514220 -4267.29 -6127.89 7465.97 -2.179112
01514280 -4267.72 -6129.46 7470.13 -2.178993
01514340 -4268.10 -6129.81 7469.06 -2.179033
01514400 -4268.02 -6130.31 7470.37 -2.179104
01514460 -4269.31 -6131.71 7470.23 -2.179010
01514520 -4269.36 -6132.63 7471.00 -2.178925
01514580 -4269.47 -6132.48 7472.00 -2.179144
01514640 -4270.37 -6132.38 7473.48 -2.179088
01514700 -4271.63 -6133.53 7474.28 -2.178999
01514760 -4270.73 -6134.83 7475.43 -2.179004
01514820 -4272.06 -6134.68 7475.76 -2.179185
01514880 -4271.96 -6134.89 7476.39 -2.178986
01514940 -4272.85 -6136.70 7474.61 -2.179078
01515000 -4273.09 -6136.10 7478.13 -2.178942
01515060 -4273.96 -6136.02 7478.04 -2.178883
01515120 -4274.46 -6137.98 7479.07 -2.178877
01515180 -4274.53 -6138.37 7478.76 -2.178965
01515240 -4274.32 -6138.61 7480.04 -2.179089
01515300 -4274.58 -6139.37 7481.53 -2.178914
01515360 -4275.65 -6140.23 7483.51 -2.179136
01515420 -4275.45 -6141.32 7486.20 -2.178921
01515480 -4276.15 -6141.32 7484.24 -2.179022
01515540 -4276.83 -6142.54 7485.13 -2.179003
01515600 -4277.26 -6142.88 7484.30 -2.179052
01515660 -4277.34 -6143.61 7486.86 -2.179022
01515720 -4278.52 -6143.69 7487.65 -2.178821
01515780 -4278.52 -6144.13 7487.30 -2.179199
01515840 -4279.57 -6143.93 7486.08 -2.179146
01515900 -4280.16 -6142.36 7487.40 -2.179321
01515960 -4280.43 -6143.82 7486.41 -2.179352
01516020 -4281.04 -6143.11 7488.20 -2.179400
01516080 -4281.84 -6143.92 7489.48 -2.179420
01516140 -4281.98 -6143.28 7488.75 -2.179528
01516200 -4282.23 -6142.63 7486.45 -2.179566
01516260 -4283.34 -6142.48 7488.56 -2.179751
01516320 -4284.43 -6141.80 7487.14 -2.179913
01516380 -4284.61 -6141.07 7489.62 -2.179753
01516440 -4284.88 -6142.58 7488.34 -2.179981
01516500 -4285.41 -6141.76 7489.02 -2.180012
01516560 -4286.18 -6142.78 7489.47 -2.180096
01516620 -4286.90 -6140.99 7488.93 -2.180138
01516680 -4287.82 -6140.73 7489.72 -2.180257
01516740 -4288.26 -6140.91 7490.05 -2.180292
01516800 -4288.89 -6140.84 7487.67 -2.180349
01516860 -4288.97 -6141.29 7490.08 -2.180523
01516920 -4290.12 -6140.65 7489.87 -2.180532
01516980 -4289.73 -6140.68 7492.58 -2.180511
01517040 -4290.16 -6139.63 7489.38 -2.180903
01517100 -4291.90 -6139.65 7491.71 -2.180828
01517160 -4292.08 -6139.68 7491.07 -2.181003
01517220 -4292.85 -6139.75 7491.42 -2.180712
01517280 -4292.94 -6138.74 7493.19 -2.181035
01517340 -4294.17 -6138.93 7494.49 -2.181175
01517400 -4294.78 -6139.34 7494.10 -2.181180
01517460 -4295.10 -6138.51 7492.66 -2.181240
01517520 -4296.10 -6138.58 7493.01 -2.181289
01517580 -4295.59 -6139.47 7492.33 -2.181453
01517640 -4297.09 -6139.19 7491.29 -2.181459
01517700 -4297.47 -6138.33 7492.69 -2.181514
01517760 -4297.49 -6138.31 7492.37 -2.181590
01517820 -4298.40 -6137.64 7491.31 -2.181672
01517880 -4300.21 -6137.65 7495.39 -2.181935
01517940 -4298.89 -6138.60 7494.60 -2.181832
01518000 -4300.71 -6137.41 7494.28 -2.181883
01518060 -4300.66 -6137.81 7491.71 -2.181900
01518120 -4302.39 -6136.72 7493.98 -2.182114
01518180 -4301.81 -6136.13 7493.66 -2.182305
01518240 -4301.64 -6136.88 7494.86 -2.182290
01518300 -4303.73 -6137.40 7495.14 -2.182371
01518360 -4302.69 -6136.02 7495.50 -2.182441
01518420 -4303.31 -6136.57 7494.11 -2.182610
01518480 -4305.80 -6136.43 7494.47 -2.182673
01518540 -4305.34 -6136.08 7495.23 -2.182669
01518600 -4305.81 -6135.91 7495.22 -2.182695
01518660 -4307.04 -6135.95 7496.40 -2.182861
01518720 -4307.97 -6134.97 7493.55 -2.182748
01518780 -4306.56 -6134.87 7495.16 -2.182729
01518840 -4304.98 -6135.94 7496.59 -2.182641
01518900 -4306.24 -6136.14 7495.74 -2.182680
01518960 -4304.74 -6137.62 7497.81 -2.182386
01519020 -4304.14 -6137.81 7496.47 -2.182457
01519080 -4303.96 -6137.61 7496.21 -2.182270
01519140 -4302.79 -6138.77 7496.93 -2.182173
01519200 -4302.23 -6139.38 7496.66 -2.181998
01519260 -4301.44 -6139.89 7496.92 -2.181911
01519320 -4301.75 -6139.95 7497.17 -2.182002
01519380 -4300.89 -6140.22 7497.85 -2.181852
01519440 -4301.36 -6141.10 7497.65 -2.181543
01519500 -4299.77 -6141.42 7497.97 -2.181600
01519560 -4299.53 -6141.79 7499.20 -2.181508
01519620 -4298.51 -6142.81 7497.61 -2.181171
01519680 -4298.09 -6142.87 7496.07 -2.181287
01519740 -4296.86 -6143.02 7498.77 -2.181260
01519800 -4296.94 -6143.84 7497.41 -2.181098
01519860 -4296.65 -6145.27 7498.09 -2.180785
01519920 -4295.76 -6144.53 7499.74 -2.180909
01519980 -4295.38 -6146.35 7497.93 -2.180673
01520040 -4294.56 -6146.41 7499.01 -2.180830
01520100 -4295.08 -6146.34 7500.89 -2.180665
01520160 -4294.26 -6146.55 7498.06 -2.180509
01520220 -4293.46 -6147.56 7500.33 -2.180370
01520280 -4291.86 -6147.85 7499.09 -2.180240
01520340 -4291.45 -6147.89 7500.01 -2.180368
01520400 -4291.15 -6148.06 7495.79 -2.179991
01520460 -4290.71 -6149.36 7498.61 -2.179943
01520520 -4290.94 -6149.31 7496.86 -2.179979
01520580 -4289.54 -6150.60 7498.84 -2.179940
01520640 -4289.24 -6151.62 7498.46 -2.179733
01520700 -4289.04 -6151.11 7497.94 -2.179699
01520760 -4287.31 -6151.58 7498.40 -2.179611
01520820 -4287.35 -6152.50 7498.99 -2.179531
01520880 -4286.03 -6153.57 7500.13 -2.179242
01520940 -4286.53 -6154.05 7499.50 -2.179164
01521000 -4285.63 -6153.03 7499.05 -2.179182
01521060 -4285.47 -6155.07 7496.88 -2.178941
01521120 -4284.09 -6155.05 7499.41 -2.178882
01521180 -4284.25 -6156.69 7497.90 -2.178762
01521240 -4282.77 -6154.99 7500.09 -2.178867
01521300 -4283.83 -6156.90 7499.39 -2.178610
01521360 -4282.51 -6157.06 7500.96 -2.178523
01521420 -4281.29 -6156.37 7498.78 -2.178446
01521480 -4281.08 -6158.10 7501.35 -2.178389
01521540 -4281.71 -6159.04 7500.10 -2.178218
01521600 -4280.38 -6158.45 7500.53 -2.178082
01521660 -4279.33 -6159.51 7499.10 -2.177983
01521720 -4279.17 -6161.44 7499.63 -2.177885
01521780 -4278.66 -6160.55 7500.49 -2.177751
01521840 -4278.82 -6160.88 7499.04 -2.177562
01521900 -4276.80 -6161.17 7500.85 -2.177729
01521960 -4277.85 -6161.24 7500.12 -2.177611
01522020 -4276.47 -6162.34 7498.01 -2.177598
01522080 -4275.96 -6162.44 7501.19 -2.177233
01522140 -4275.02 -6163.57 7500.43 -2.177154
01522200 -4274.52 -6163.54 7499.80 -2.177271
01522260 -4274.26 -6164.69 7500.81 -2.177025
01522320 -4273.20 -6164.31 7501.16 -2.177009
01522380 -4274.54 -6165.03 7500.40 -2.176854
01522440 -4272.19 -6165.12 7500.40 -2.176715
01522500 -4272.14 -6165.98 7500.61 -2.176561
01522560 -4270.52 -6166.06 7499.97 -2.176486
01522620 -4270.91 -6166.84 7501.56 -2.176422
01522680 -4269.22 -6167.61 7498.80 -2.176299
01522740 -4269.49 -6167.30 7500.44 -2.176190
01522800 -4269.73 -6168.93 7502.15 -2.176047
01522860 -4268.73 -6168.88 7502.41 -2.176288
01522920 -4267.36 -6168.42 7502.97 -2.175973
01522980 -4266.86 -6169.72 7502.90 -2.175818
01523040 -4267.39 -6170.80 7503.42 -2.175736
01523100 -4266.69 -6171.40 7502.67 -2.175728
01523160 -4265.41 -6171.69 7503.65 -2.175783
01523220 -4265.25 -6171.27 7504.06 -2.175519
01523280 -4264.47 -6171.99 7502.23 -2.175445
01523340 -4264.38 -6172.57 7501.60 -2.175363
01523400 -4263.98 -6173.11 7502.00 -2.175292
01523460 -4262.82 -6173.17 7503.53 -2.175001
01523520 -4263.35 -6173.98 7503.81 -2.175045
01523580 -4262.17 -6174.35 7501.70 -2.175048
01523640 -4260.95 -6175.40 7503.27 -2.174798
01523700 -4261.67 -6175.81 7501.80 -2.174623
01523760 -4259.63 -6176.48 7502.18 -2.174602
01523820 -4259.06 -6176.49 7502.14 -2.174509
01523880 -4258.91 -6177.34 7503.32 -2.174370
01523940 -4258.30 -6178.22 7503.54 -2.174604
01524000 -4257.65 -6178.29 7503.84 -2.174082
01524060 -4257.07 -6179.00 7502.97 -2.174033
01524120 -4256.52 -6179.24 7503.95 -2.173972
01524180 -4256.12 -6180.32 7502.31 -2.173800
01524240 -4255.00 -6179.37 7505.13 -2.173646
01524300 -4254.51 -6180.64 7503.70 -2.173680
01524360 -4254.03 -6179.89 7504.11 -2.173673
01524420 -4253.82 -6182.23 7503.77 -2.173600
01524480 -4253.27 -6182.83 7502.87 -2.173535
01524540 -4253.35 -6183.08 7503.93 -2.173131
01524600 -4252.49 -6183.38 7503.83 -2.173175
01524660 -4250.59 -6183.88 7503.41 -2.173119
01524720 -4251.18 -6184.06 7504.00 -2.173039
01524780 -4249.29 -6185.10 7505.50 -2.172804
01524840 -4250.27 -6184.32 7504.34 -2.172911
01524900 -4248.89 -6186.53 7504.66 -2.172662
01524960 -4249.13 -6186.12 7503.03 -2.172431
01525020 -4248.58 -6186.56 7504.79 -2.172651
01525080 -4247.35 -6186.59 7505.09 -2.172555
01525140 -4246.10 -6187.62 7505.89 -2.172207
01525200 -4247.19 -6188.12 7505.79 -2.172242
01525260 -4245.94 -6188.18 7505.85 -2.172185
01525320 -4245.46 -6189.24 7506.08 -2.172091
01525380 -4244.64 -6189.66 7505.75 -2.171757
01525440 -4243.63 -6189.76 7504.81 -2.171809
01525500 -4244.26 -6190.42 7505.80 -2.171677
01525560 -4243.77 -6191.64 7505.43 -2.171648
01525620 -4242.17 -6191.67 7504.92 -2.171321
01525680 -4241.69 -6191.30 7505.89 -2.171342
01525740 -4241.67 -6192.64 7506.66 -2.171123
01525800 -4241.60 -6192.78 7505.38 -2.171212
01525860 -4240.24 -6193.90 7507.18 -2.171052
01525920 -4239.11 -6194.15 7505.28 -2.171026
01525980 -4238.52 -6194.17 7505.65 -2.171050
01526040 -4238.98 -6194.48 7505.29 -2.170806
01526100 -4238.04 -6195.73 7507.64 -2.170806
01526160 -4237.83 -6196.63 7506.99 -2.170807
01526220 -4236.91 -6196.09 7504.66 -2.170669
01526280 -4236.95 -6196.23 7506.77 -2.170457
01526340 -4236.42 -6197.11 7507.01 -2.170485
01526400 -4235.46 -6197.36 7505.74 -2.170225
01526460 -4234.62 -6197.68 7505.39 -2.170376
01526520 -4234.22 -6198.49 7506.45 -2.170058
01526580 -4232.26 -6200.43 7507.37 -2.170010
01526640 -4231.80 -6199.06 7506.58 -2.169743
01526700 -4233.14 -6199.70 7508.71 -2.169780
01526760 -4232.47 -6201.15 7506.92 -2.169711
01526820 -4231.54 -6200.53 7507.89 -2.169575
01526880 -4231.23 -6201.86 7506.09 -2.169369
01526940 -4229.57 -6202.06 7506.87 -2.169413
01527000 -4229.45 -6202.73 7507.76 -2.169407
01527060 -4228.79 -6203.24 7507.61 -2.169218
01527120 -4228.63 -6204.11 7506.73 -2.169067
01527180 -4228.32 -6204.78 7509.41 -2.169092
01527240 -4226.86 -6205.10 7508.32 -2.168875
01527300 -4227.83 -6205.70 7507.22 -2.168865
01527360 -4227.17 -6206.01 7507.46 -2.168795
01527420 -4226.31 -6206.97 7507.54 -2.168611
01527480 -4226.45 -6206.49 7509.67 -2.168569
01527540 -4224.95 -6208.33 7507.73 -2.168459
01527600 -4224.73 -6208.26 7508.83 -2.168299
01527660 -4225.58 -6210.19 7509.05 -2.168270
01527720 -4224.03 -6209.40 7509.73 -2.168272
01527780 -4223.52 -6209.02 7509.71 -2.168133
01527840 -4222.82 -6210.58 7512.33 -2.167746
01527900 -4223.25 -6210.53 7510.23 -2.167963
01527960 -4221.66 -6210.66 7511.17 -2.167702
01528020 -4222.09 -6212.53 7510.28 -2.167707
01528080 -4221.30 -6212.45 7511.39 -2.167506
01528140 -4221.62 -6213.57 7511.98 -2.167370
01528200 -4220.44 -6214.43 7511.08 -2.167559
01528260 -4219.77 -6214.09 7511.91 -2.167317
01528320 -4218.72 -6213.82 7511.44 -2.167310
01528380 -4218.58 -6215.50 7512.55 -2.167097
01528440 -4219.00 -6215.76 7510.17 -2.167022
01528500 -4217.41 -6216.52 7512.44 -2.166993
01528560 -4217.62 -6217.56 7513.09 -2.166691
01528620 -4217.29 -6218.71 7514.07 -2.166712
01528680 -4216.53 -6217.94 7512.58 -2.166615
01528740 -4216.66 -6218.23 7514.08 -2.166610
01528800 -4216.18 -6219.63 7512.33 -2.166325
01528860 -4215.37 -6219.92 7513.50 -2.166437
01528920 -4214.39 -6220.02 7513.12 -2.166488
01528980 -4214.14 -6220.93 7514.20 -2.166286
01529040 -4213.46 -6221.34 7514.22 -2.166242
01529100 -4214.01 -6221.57 7515.90 -2.166020
01529160 -4213.62 -6222.69 7515.35 -2.166174
01529220 -4212.33 -6222.44 7513.40 -2.165703
01529280 -4212.05 -6223.35 7515.67 -2.165692
01529340 -4210.93 -6224.50 7516.32 -2.165573
01529400 -4210.06 -6224.53 7515.06 -2.165562
01529460 -4210.16 -6224.87 7514.49 -2.165500
01529520 -4210.38 -6225.98 7516.03 -2.165545
01529580 -4208.56 -6225.76 7516.21 -2.165277
01529640 -4208.68 -6226.55 7515.44 -2.165269
01529700 -4208.54 -6226.77 7516.12 -2.165118
01529760 -4208.37 -6228.03 7515.32 -2.165000
01529820 -4207.36 -6229.01 7516.78 -2.164943
01529880 -4206.33 -6228.18 7516.82 -2.164882
01529940 -4206.17 -6229.36 7516.29 -2.164813
01530000 -4205.27 -6229.20 7516.63 -2.164709
01530060 -4206.09 -6230.13 7515.85 -2.164780
01530120 -4204.22 -6231.20 7515.66 -2.164565
01530180 -4205.34 -6231.70 7516.37 -2.164537
01530240 -4205.54 -6231.35 7517.05 -2.164387
01530300 -4204.93 -6232.08 7517.03 -2.164375
01530360 -4204.46 -6232.25 7516.83 -2.164287
01530420 -4204.25 -6231.51 7517.47 -2.164232
01530480 -4204.69 -6232.02 7517.03 -2.164165
01530540 -4204.31 -6232.57 7516.67 -2.164330
01530600 -4203.55 -6233.10 7518.66 -2.164137
01530660 -4202.91 -6233.46 7518.75 -2.164281
01530720 -4203.98 -6232.24 7515.95 -2.164046
01530780 -4203.08 -6233.49 7520.71 -2.164021
01530840 -4203.99 -6232.98 7518.93 -2.164135
01530900 -4203.83 -6233.93 7519.28 -2.163966
01530960 -4203.71 -6233.46 7519.42 -2.163945
01531020 -4202.69 -6234.18 7519.86 -2.163865
01531080 -4203.09 -6234.46 7519.37 -2.164050
01531140 -4202.46 -6234.32 7518.46 -2.163976
01531200 -4202.44 -6234.30 7520.72 -2.164033
01531260 -4203.30 -6234.29 7518.31 -2.163875
01531320 -4202.24 -6233.99 7520.77 -2.163706
01531380 -4202.54 -6234.18 7517.66 -2.163788
01531440 -4201.43 -6235.57 7519.36 -2.163628
01531500 -4201.13 -6236.33 7516.61 -2.163873
01531560 -4201.69 -6235.29 7518.88 -2.163830
01531620 -4200.84 -6235.84 7518.37 -2.163878
01531680 -4201.20 -6235.38 7520.34 -2.163752
01531740 -4199.49 -6235.46 7522.75 -2.163576
01531800 -4200.90 -6235.65 7518.35 -2.163697
01531860 -4201.64 -6236.48 7519.87 -2.163541
01531920 -4200.22 -6236.56 7519.38 -2.163490
01531980 -4200.44 -6236.85 7520.77 -2.163605
01532040 -4200.60 -6238.02 7521.03 -2.163576
01532100 -4200.12 -6237.61 7518.81 -2.163458
01532160 -4200.62 -6237.16 7519.90 -2.163407
01532220 -4199.98 -6237.51 7520.08 -2.163279
01532280 -4199.83 -6237.99 7520.79 -2.163240
01532340 -4200.40 -6237.46 7520.36 -2.163027
01532400 -4199.13 -6238.04 7521.37 -2.163273
01532460 -4200.16 -6238.97 7522.87 -2.163151
01532520 -4199.55 -6238.97 7519.96 -2.163434
01532580 -4199.10 -6239.26 7521.56 -2.163283
01532640 -4198.79 -6239.00 7519.05 -2.163164
01532700 -4198.96 -6239.27 7522.07 -2.163267
01532760 -4197.37 -6239.55 7520.64 -2.163118
01532820 -4198.93 -6240.07 7520.04 -2.163089
01532880 -4197.95 -6240.24 7519.98 -2.162982
01532940 -4197.93 -6240.59 7519.41 -2.163101
01533000 -4197.98 -6240.31 7520.08 -2.163086
01533060 -4198.39 -6240.76 7520.89 -2.162929
01533120 -4196.97 -6241.20 7521.66 -2.162929
01533180 -4196.44 -6241.63 7523.37 -2.162885
01533240 -4197.19 -6241.31 7522.35 -2.162798
01533300 -4197.04 -6241.52 7521.12 -2.162868
01533360 -4195.75 -6242.61 7520.44 -2.162731
01533420 -4197.03 -6241.92 7523.30 -2.162755
01533480 -4196.34 -6242.49 7521.88 -2.162727
01533540 -4195.76 -6242.07 7522.77 -2.162758
01533600 -4196.14 -6243.01 7522.01 -2.162620
01533660 -4196.31 -6243.12 7522.98 -2.162523
01533720 -4195.77 -6242.57 7520.98 -2.162373
01533780 -4196.31 -6242.99 7521.49 -2.162563
01533840 -4195.45 -6243.55 7522.35 -2.162439
01533900 -4195.29 -6243.47 7521.53 -2.162349
01533960 -4196.32 -6244.47 7524.48 -2.162451
01534020 -4195.05 -6244.03 7520.31 -2.162416
01534080 -4194.42 -6244.44 7524.86 -2.162257
01534140 -4194.82 -6244.30 7522.67 -2.162393
01534200 -4194.16 -6244.77 7523.91 -2.162281
01534260 -4195.22 -6244.29 7523.32 -2.162345
01534320 -4194.38 -6245.15 7524.10 -2.162288
01534380 -4193.77 -6245.02 7521.55 -2.162227
01534440 -4194.61 -6244.53 7523.77 -2.162299
01534500 -4193.05 -6245.07 7523.12 -2.162253
01534560 -4193.75 -6245.11 7524.67 -2.162319
01534620 -4194.03 -6245.97 7522.33 -2.162129
01534680 -4194.24 -6245.00 7521.20 -2.162018
01534740 -4193.71 -6246.45 7524.70 -2.162029
01534800 -4193.07 -6245.67 7521.28 -2.161990
01534860 -4192.07 -6246.24 7524.38 -2.161912
01534920 -4193.12 -6246.57 7523.21 -2.161874
01534980 -4192.80 -6246.60 7523.72 -2.161779
01535040 -4192.93 -6246.20 7523.59 -2.161887
01535100 -4191.85 -6246.53 7523.39 -2.161904
01535160 -4191.79 -6246.70 7524.44 -2.161873
01535220 -4192.09 -6246.91 7523.69 -2.161708
01535280 -4191.52 -6248.39 7523.79 -2.161882
01535340 -4192.31 -6248.44 7524.73 -2.161740
01535400 -4191.29 -6248.32 7523.30 -2.161674
01535460 -4190.31 -6248.67 7522.85 -2.161840
01535520 -4191.59 -6247.98 7525.28 -2.161539
01535580 -4191.77 -6248.21 7525.83 -2.161571
01535640 -4191.70 -6248.79 7523.97 -2.161542
01535700 -4192.01 -6250.20 7524.36 -2.161569
01535760 -4191.04 -6249.15 7525.44 -2.161551
01535820 -4191.51 -6250.36 7525.59 -2.161420
01535880 -4189.53 -6249.59 7524.44 -2.161466
01535940 -4190.31 -6250.66 7525.58 -2.161567
01536000 -4189.88 -6250.15 7523.22 -2.161565
01536060 -4190.60 -6250.35 7524.10 -2.161254
01536120 -4190.14 -6250.07 7527.13 -2.161512
01536180 -4189.17 -6250.89 7523.83 -2.161389
01536240 -4190.42 -6250.65 7526.17 -2.161539
01536300 -4189.86 -6250.90 7524.36 -2.161253
01536360 -4188.54 -6251.72 7525.27 -2.161280
01536420 -4189.00 -6251.66 7527.40 -2.161166
01536480 -4189.54 -6251.42 7524.30 -2.161141
01536540 -4189.38 -6252.05 7526.34 -2.161131
01536600 -4189.09 -6252.25 7524.51 -2.161137
01536660 -4188.82 -6252.13 7525.43 -2.161096
01536720 -4188.68 -6252.18 7524.75 -2.160872
01536780 -4189.06 -6252.24 7525.83 -2.160912
01536840 -4188.04 -6252.97 7527.16 -2.160893
01536900 -4188.19 -6253.86 7526.51 -2.161095
01536960 -4188.07 -6253.33 7525.75 -2.161044
01537020 -4187.60 -6253.79 7527.35 -2.160850
01537080 -4187.83 -6253.63 7527.04 -2.160977
01537140 -4187.13 -6253.60 7525.10 -2.160847
01537200 -4187.94 -6253.98 7526.55 -2.160602
01537260 -4187.12 -6253.49 7526.68 -2.160787
01537320 -4186.38 -6254.07 7526.87 -2.160632
01537380 -4187.31 -6255.13 7526.08 -2.160685
01537440 -4187.98 -6253.89 7526.54 -2.160632
01537500 -4186.63 -6256.17 7526.41 -2.160753
01537560 -4185.52 -6255.05 7528.54 -2.160564
01537620 -4186.26 -6255.61 7526.13 -2.160580
01537680 -4186.17 -6255.52 7527.76 -2.160509
01537740 -4185.82 -6255.94 7526.86 -2.160384
01537800 -4185.47 -6256.76 7525.28 -2.160486
01537860 -4185.67 -6255.57 7527.45 -2.160326
01537920 -4185.97 -6256.75 7527.41 -2.160250
01537980 -4186.00 -6256.62 7528.91 -2.160488
01538040 -4185.11 -6256.33 7527.13 -2.160417
01538100 -4185.25 -6256.22 7527.49 -2.160301
01538160 -4184.85 -6256.94 7527.71 -2.160152
01538220 -4184.58 -6257.09 7525.77 -2.160374
01538280 -4184.63 -6257.13 7528.17 -2.160185
01538340 -4185.39 -6257.81 7528.23 -2.160240
01538400 -4184.56 -6257.96 7528.94 -2.160078
01538460 -4184.08 -6257.01 7530.24 -2.160138
01538520 -4182.94 -6258.60 7528.78 -2.159956
01538580 -4184.01 -6258.09 7528.23 -2.160005
01538640 -4183.34 -6258.17 7529.39 -2.159986
01538700 -4183.90 -6259.31 7529.32 -2.160163
01538760 -4183.26 -6259.49 7528.88 -2.160023
01538820 -4183.85 -6259.76 7527.95 -2.159759
01538880 -4183.20 -6259.64 7527.89 -2.159822
01538940 -4182.01 -6259.89 7528.22 -2.159812
01539000 -4183.08 -6260.18 7528.07 -2.159579
01539060 -4182.06 -6260.66 7527.72 -2.159828
01539120 -4182.59 -6260.73 7529.60 -2.159699
01539180 -4181.40 -6259.47 7530.70 -2.159719
01539240 -4182.38 -6259.94 7529.54 -2.159671
01539300 -4182.53 -6260.88 7529.65 -2.159716
01539360 -4181.83 -6260.49 7527.03 -2.159559
01539420 -4181.11 -6261.26 7529.03 -2.159621
01539480 -4181.22 -6261.80 7530.92 -2.159563
01539540 -4180.78 -6262.00 7530.37 -2.159644
01539600 -4180.86 -6262.73 7527.80 -2.159507
01539660 -4180.11 -6263.09 7530.95 -2.159462
01539720 -4180.70 -6262.00 7528.70 -2.159600
01539780 -4181.26 -6262.69 7530.19 -2.159544
01539840 -4181.24 -6263.02 7529.55 -2.159226
01539900 -4179.87 -6262.33 7528.80 -2.159278
01539960 -4180.44 -6262.98 7530.56 -2.159310
01540020 -4179.93 -6262.92 7530.31 -2.159342
01540080 -4180.30 -6263.34 7529.69 -2.159370
01540140 -4179.99 -6263.76 7529.51 -2.159334
01540200 -4178.79 -6262.61 7531.42 -2.159380
01540260 -4180.03 -6263.40 7527.81 -2.159233
01540320 -4179.66 -6264.15 7530.74 -2.159122
01540380 -4178.24 -6264.08 7531.09 -2.159220
01540440 -4178.68 -6264.53 7530.98 -2.159019
01540500 -4179.83 -6264.50 7529.21 -2.159006
01540560 -4178.69 -6265.16 7530.20 -2.158905
01540620 -4179.33 -6264.24 7529.68 -2.159168
01540680 -4177.99 -6264.74 7529.53 -2.159190
01540740 -4178.66 -6265.67 7531.83 -2.158955
01540800 -4178.27 -6265.10 7531.97 -2.158889
01540860 -4178.25 -6266.79 7533.52 -2.158842
01540920 -4178.36 -6266.40 7531.51 -2.159023
01540980 -4177.92 -6265.31 7530.87 -2.158942
01541040 -4177.52 -6266.65 7529.32 -2.158597
01541100 -4177.69 -6267.74 7530.69 -2.158950
01541160 -4177.48 -6266.83 7531.89 -2.158884
01541220 -4177.35 -6267.99 7530.94 -2.158623
01541280 -4176.34 -6266.92 7531.29 -2.158590
01541340 -4176.84 -6267.92 7531.12 -2.158530
01541400 -4177.04 -6267.22 7532.45 -2.158513
01541460 -4176.78 -6267.77 7533.22 -2.158567
01541520 -4175.56 -6267.10 7533.02 -2.158474
01541580 -4175.99 -6267.57 7529.91 -2.158484
01541640 -4175.45 -6269.89 7532.99 -2.158322
01541700 -4175.04 -6270.28 7533.30 -2.158243
01541760 -4174.71 -6269.85 7531.69 -2.158172
01541820 -4174.40 -6269.79 7532.98 -2.158140
01541880 -4173.74 -6271.59 7534.04 -2.157926
01541940 -4173.82 -6271.91 7531.61 -2.158041
01542000 -4173.04 -6271.80 7533.57 -2.157880
01542060 -4173.07 -6272.66 7535.04 -2.157643
01542120 -4172.35 -6274.16 7536.05 -2.157648
01542180 -4172.70 -6274.27 7535.39 -2.157510
01542240 -4171.17 -6274.22 7532.22 -2.157567
01542300 -4171.03 -6275.71 7534.43 -2.157314
01542360 -4170.31 -6276.11 7534.38 -2.157317
01542420 -4169.92 -6276.27 7536.85 -2.157430
01542480 -4169.89 -6276.60 7536.49 -2.157165
01542540 -4168.93 -6278.92 7534.35 -2.157078
01542600 -4168.30 -6277.04 7533.28 -2.157245
01542660 -4168.43 -6277.56 7535.51 -2.156864
01542720 -4167.64 -6278.44 7536.00 -2.156697
01542780 -4167.47 -6279.11 7536.25 -2.156600
01542840 -4167.01 -6279.61 7536.06 -2.156652
01542900 -4166.16 -6280.31 7536.81 -2.156555
01542960 -4166.70 -6280.67 7537.16 -2.156376
01543020 -4165.36 -6281.66 7536.06 -2.156279
01543080 -4164.42 -6282.43 7538.34 -2.156161
01543140 -4164.81 -6282.05 7537.62 -2.156089
01543200 -4163.95 -6282.98 7536.87 -2.156067
01543260 -4164.48 -6284.49 7539.22 -2.156207
01543320 -4163.88 -6284.62 7538.67 -2.156130
01543380 -4164.43 -6285.53 7539.63 -2.155795
01543440 -4165.50 -6286.73 7539.41 -2.155830
01543500 -4164.33 -6286.62 7542.49 -2.155606
01543560 -4164.62 -6288.04 7542.67 -2.155708
01543620 -4164.52 -6288.47 7542.74 -2.155748
01543680 -4164.86 -6289.08 7542.16 -2.155783
01543740 -4164.60 -6289.92 7542.24 -2.155673
01543800 -4163.55 -6290.64 7543.61 -2.155869
01543860 -4165.06 -6291.03 7546.79 -2.155728
01543920 -4164.94 -6291.67 7546.20 -2.155303
01543980 -4166.50 -6291.68 7546.41 -2.155605
01544040 -4166.50 -6293.58 7547.67 -2.155495
01544100 -4165.34 -6293.46 7547.61 -2.155513
01544160 -4167.07 -6295.57 7548.88 -2.155448
01544220 -4165.90 -6294.56 7548.44 -2.155426
01544280 -4166.30 -6295.52 7551.59 -2.155319
01544340 -4166.99 -6296.66 7551.34 -2.155553
01544400 -4165.69 -6297.55 7553.39 -2.155314
01544460 -4166.14 -6297.60 7550.67 -2.155530
01544520 -4167.34 -6298.71 7552.04 -2.155201
01544580 -4166.29 -6299.46 7552.86 -2.155172
01544640 -4167.12 -6300.23 7554.93 -2.155090
01544700 -4166.97 -6300.53 7553.75 -2.155199
01544760 -4166.75 -6302.17 7552.91 -2.155081
01544820 -4167.04 -6301.33 7556.50 -2.154852
01544880 -4166.07 -6301.73 7557.20 -2.155099
01544940 -4167.61 -6303.28 7557.03 -2.155000
01545000 -4167.81 -6305.29 7557.59 -2.155039
01545060 -4167.39 -6305.63 7557.46 -2.154766
01545120 -4168.85 -6306.81 7558.43 -2.154794
01545180 -4167.30 -6306.75 7559.18 -2.154913
01545240 -4167.30 -6308.60 7561.43 -2.154647
01545300 -4169.04 -6308.47 7562.69 -2.154450
01545360 -4166.55 -6308.88 7561.19 -2.154614
01545420 -4167.50 -6310.44 7559.78 -2.154392
01545480 -4167.56 -6311.15 7564.18 -2.154511
01545540 -4167.87 -6310.88 7563.62 -2.154334
01545600 -4166.65 -6312.36 7565.30 -2.154173
01545660 -4167.05 -6312.83 7563.84 -2.154205
01545720 -4167.14 -6313.84 7564.94 -2.154074
01545780 -4166.61 -6315.81 7565.84 -2.153909
01545840 -4167.77 -6314.89 7567.36 -2.154208
01545900 -4166.95 -6316.33 7566.71 -2.154029
01545960 -4166.53 -6318.12 7568.00 -2.153808
01546020 -4166.77 -6318.38 7567.98 -2.154050
01546080 -4167.46 -6318.53 7570.27 -2.153881
01546140 -4167.39 -6319.84 7568.90 -2.153791
01546200 -4166.67 -6319.86 7570.93 -2.153675
01546260 -4166.81 -6320.57 7571.12 -2.153685
01546320 -4167.62 -6321.77 7570.94 -2.153707
01546380 -4166.83 -6323.21 7572.93 -2.153428
01546440 -4167.42 -6322.67 7572.05 -2.153606
01546500 -4166.75 -6324.25 7574.38 -2.153465
01546560 -4166.49 -6324.66 7573.80 -2.153398
01546620 -4166.74 -6325.42 7574.08 -2.153373
01546680 -4166.68 -6326.52 7574.70 -2.153184
01546740 -4166.97 -6327.17 7575.44 -2.153245
01546800 -4167.18 -6328.00 7577.06 -2.153152
01546860 -4167.91 -6328.76 7575.32 -2.153083
01546920 -4166.98 -6329.26 7577.40 -2.153067
01546980 -4165.82 -6329.88 7578.00 -2.153087
01547040 -4166.15 -6330.88 7578.30 -2.152700
01547100 -4167.69 -6330.55 7578.93 -2.153104
01547160 -4166.89 -6332.48 7579.12 -2.152657
01547220 -4166.47 -6332.06 7578.37 -2.152802
01547280 -4166.57 -6333.49 7582.09 -2.152612
01547340 -4166.93 -6334.60 7581.95 -2.152635
01547400 -4167.21 -6335.22 7581.92 -2.152533
01547460 -4166.61 -6336.18 7582.29 -2.152471
01547520 -4167.31 -6336.71 7583.97 -2.152448
01547580 -4166.47 -6338.12 7586.20 -2.152470
01547640 -4166.48 -6338.31 7584.49 -2.152315
01547700 -4166.58 -6338.46 7584.21 -2.152230
01547760 -4166.56 -6338.55 7585.00 -2.152388
01547820 -4166.83 -6341.08 7585.10 -2.152299
01547880 -4165.62 -6340.53 7589.13 -2.152170
01547940 -4166.96 -6342.04 7587.14 -2.152176
01548000 -4165.95 -6341.99 7588.99 -2.151973
01548060 -4166.38 -6343.27 7589.56 -2.151920
01548120 -4166.30 -6344.43 7589.91 -2.151960
01548180 -4166.75 -6344.54 7590.77 -2.151986
01548240 -4165.72 -6346.44 7591.74 -2.151827
01548300 -4167.22 -6346.05 7592.12 -2.151818
01548360 -4165.56 -6347.42 7592.22 -2.151805
01548420 -4166.92 -6347.83 7592.72 -2.151339
01548480 -4165.27 -6349.07 7594.37 -2.151497
01548540 -4165.75 -6349.46 7592.57 -2.151472
01548600 -4165.70 -6349.30 7595.29 -2.151431
01548660 -4165.65 -6351.21 7595.54 -2.151385
01548720 -4165.77 -6351.17 7595.52 -2.151351
01548780 -4165.39 -6352.92 7595.69 -2.151321
01548840 -4166.14 -6353.22 7597.10 -2.151247
01548900 -4166.32 -6354.19 7597.00 -2.151193
01548960 -4166.31 -6354.22 7596.10 -2.151020
01549020 -4165.16 -6355.14 7597.83 -2.151059
01549080 -4165.00 -6355.80 7598.84 -2.150888
01549140 -4164.97 -6356.72 7600.00 -2.150953
01549200 -4164.25 -6357.83 7601.14 -2.150704
01549260 -4164.95 -6358.12 7600.80 -2.150678
01549320 -4164.18 -6358.72 7600.85 -2.150804
01549380 -4164.57 -6360.17 7600.43 -2.150485
01549440 -4163.30 -6361.00 7600.41 -2.150276
01549500 -4163.82 -6359.39 7600.66 -2.150161
01549560 -4162.58 -6361.30 7601.45 -2.150390
01549620 -4161.78 -6362.40 7602.35 -2.150224
01549680 -4162.07 -6362.88 7602.88 -2.150019
01549740 -4161.53 -6363.02 7605.12 -2.149893
01549800 -4161.17 -6363.92 7604.15 -2.150003
01549860 -4160.21 -6365.39 7604.21 -2.150035
01549920 -4159.72 -6366.18 7603.80 -2.149653
01549980 -4159.69 -6366.59 7604.38 -2.149616
01550040 -4158.94 -6367.12 7604.18 -2.149450
01550100 -4159.39 -6366.48 7607.13 -2.149456
01550160 -4159.52 -6367.61 7605.26 -2.149443
01550220 -4158.82 -6368.02 7605.36 -2.149304
01550280 -4157.22 -6369.14 7605.35 -2.149104
01550340 -4157.51 -6370.04 7606.06 -2.149026
01550400 -4157.15 -6370.36 7608.39 -2.148959
01550460 -4156.86 -6371.63 7608.52 -2.149030
01550520 -4156.66 -6371.49 7606.81 -2.148746
01550580 -4155.95 -6371.52 7606.78 -2.148789
01550640 -4156.24 -6373.38 7609.40 -2.148700
01550700 -4155.55 -6373.80 7606.34 -2.148516
01550760 -4155.20 -6374.27 7608.55 -2.148397
01550820 -4154.24 -6374.63 7608.32 -2.148253
01550880 -4153.35 -6375.03 7609.75 -2.148339
01550940 -4154.39 -6375.76 7609.94 -2.148262
01551000 -4153.53 -6375.89 7609.90 -2.148292
01551060 -4153.31 -6377.18 7610.34 -2.148116
01551120 -4152.20 -6377.66 7611.47 -2.147789
01551180 -4152.42 -6378.55 7609.54 -2.147912
01551240 -4152.00 -6378.79 7609.62 -2.147922
01551300 -4151.29 -6379.52 7612.91 -2.147650
01551360 -4151.18 -6380.98 7611.51 -2.147421
01551420 -4150.25 -6381.04 7614.76 -2.147550
01551480 -4150.09 -6382.18 7613.60 -2.147196
01551540 -4149.77 -6382.35 7614.10 -2.147157
01551600 -4149.99 -6383.27 7612.09 -2.147288
01551660 -4149.66 -6383.30 7614.15 -2.147239
01551720 -4147.61 -6383.95 7613.62 -2.147239
01551780 -4147.57 -6385.50 7613.77 -2.147005
01551840 -4148.08 -6385.90 7613.42 -2.146995
01551900 -4147.20 -6386.55 7616.72 -2.146748
01551960 -4147.45 -6386.84 7614.68 -2.146656
01552020 -4146.26 -6387.81 7616.60 -2.146512
01552080 -4146.54 -6388.25 7616.47 -2.146598
01552140 -4146.81 -6388.02 7616.55 -2.146558
01552200 -4146.76 -6388.55 7616.84 -2.146130
01552260 -4145.02 -6390.25 7617.76 -2.146241
01552320 -4144.47 -6391.13 7617.49 -2.146161
01552380 -4144.65 -6390.09 7616.15 -2.145950
01552440 -4143.39 -6392.34 7616.74 -2.145982
01552500 -4143.98 -6392.69 7617.63 -2.145896
01552560 -4144.08 -6392.85 7618.21 -2.145921
01552620 -4143.36 -6393.04 7619.34 -2.145591
01552680 -4141.90 -6394.85 7616.98 -2.145662
01552740 -4142.66 -6396.11 7621.01 -2.145588
01552800 -4142.23 -6395.81 7621.03 -2.145468
01552860 -4141.21 -6396.80 7621.73 -2.145185
01552920 -4141.91 -6398.04 7621.36 -2.145297
01552980 -4141.06 -6398.88 7619.38 -2.145158
01553040 -4140.65 -6398.45 7622.99 -2.145163
01553100 -4140.24 -6399.99 7622.93 -2.145000
01553160 -4140.17 -6400.41 7623.65 -2.144891
01553220 -4140.47 -6401.51 7624.31 -2.144774
01553280 -4140.24 -6401.50 7623.44 -2.144919
01553340 -4139.60 -6403.95 7624.87 -2.144691
01553400 -4138.78 -6402.78 7624.04 -2.144608
01553460 -4139.38 -6404.19 7624.46 -2.144586
01553520 -4138.24 -6404.99 7625.07 -2.144439
01553580 -4139.41 -6405.95 7626.07 -2.144311
01553640 -4138.17 -6406.02 7627.83 -2.144461
01553700 -4138.92 -6407.38 7627.00 -2.144329
01553760 -4138.29 -6408.65 7626.87 -2.144157
01553820 -4137.83 -6408.42 7626.65 -2.144152
01553880 -4136.84 -6409.51 7627.94 -2.143889
01553940 -4137.52 -6410.60 7628.44 -2.143806
01554000 -4136.52 -6410.70 7627.94 -2.143706
01554060 -4136.62 -6411.51 7631.22 -2.143799
01554120 -4136.40 -6411.76 7631.19 -2.143627
01554180 -4135.38 -6412.66 7629.90 -2.143505
01554240 -4135.13 -6415.22 7631.79 -2.143618
01554300 -4135.77 -6414.38 7631.96 -2.143330
01554360 -4135.37 -6415.53 7632.31 -2.143377
01554420 -4134.01 -6415.37 7634.37 -2.143342
01554480 -4134.00 -6415.64 7633.77 -2.143172
01554540 -4133.59 -6416.69 7632.47 -2.142863
01554600 -4134.06 -6417.46 7632.71 -2.143057
01554660 -4133.84 -6418.41 7633.81 -2.142890
01554720 -4133.49 -6418.55 7634.50 -2.142990
01554780 -4132.65 -6420.55 7635.91 -2.142753
01554840 -4133.13 -6421.41 7635.97 -2.142571
01554900 -4132.57 -6421.84 7636.67 -2.142667
01554960 -4132.22 -6422.36 7635.64 -2.142500
01555020 -4132.08 -6421.77 7638.39 -2.142598
01555080 -4131.95 -6424.14 7636.81 -2.142415
01555140 -4131.86 -6424.62 7638.26 -2.142302
01555200 -4132.06 -6425.45 7638.11 -2.142172
01555260 -4130.72 -6426.34 7639.85 -2.142020
01555320 -4130.44 -6426.75 7639.97 -2.142027
01555380 -4130.28 -6427.59 7640.11 -2.141990
01555440 -4131.29 -6427.35 7639.25 -2.142096
01555500 -4128.89 -6429.41 7641.87 -2.141720
01555560 -4130.28 -6430.40 7643.14 -2.141695
01555620 -4128.87 -6430.50 7642.59 -2.141800
01555680 -4129.45 -6430.96 7642.75 -2.141687
01555740 -4128.19 -6431.59 7642.68 -2.141724
01555800 -4127.98 -6433.60 7643.48 -2.141403
01555860 -4128.66 -6433.75 7645.60 -2.141512
01555920 -4127.76 -6433.44 7643.25 -2.141307
01555980 -4127.99 -6435.83 7643.11 -2.141221
01556040 -4126.95 -6435.44 7645.15 -2.141093
01556100 -4128.26 -6436.31 7645.24 -2.141051
01556160 -4130.02 -6435.57 7646.45 -2.141355
01556220 -4128.58 -6436.21 7647.56 -2.141000
01556280 -4129.59 -6436.83 7649.00 -2.141339
01556340 -4130.54 -6437.32 7648.04 -2.141405
01556400 -4131.88 -6436.79 7650.61 -2.141309
01556460 -4132.12 -6437.53 7650.16 -2.141466
01556520 -4132.63 -6438.10 7648.94 -2.141419
01556580 -4133.39 -6438.53 7650.52 -2.141536
01556640 -4133.95 -6439.37 7650.63 -2.141513
01556700 -4134.57 -6437.98 7652.01 -2.141673
01556760 -4134.65 -6438.20 7653.81 -2.141668
01556820 -4135.04 -6439.89 7651.75 -2.141716
01556880 -4135.46 -6439.87 7653.83 -2.141505
01556940 -4136.75 -6440.23 7652.67 -2.141826
01557000 -4137.66 -6440.50 7655.14 -2.141933
01557060 -4138.01 -6440.77 7655.78 -2.141892
01557120 -4138.56 -6441.94 7654.38 -2.141898
01557180 -4139.33 -6441.92 7657.45 -2.141826
01557240 -4139.13 -6441.45 7657.19 -2.142015
01557300 -4140.20 -6442.64 7658.41 -2.142062
01557360 -4141.30 -6442.64 7659.05 -2.142082
01557420 -4141.08 -6442.40 7659.25 -2.141951
01557480 -4142.49 -6443.84 7659.03 -2.142164
01557540 -4144.07 -6443.35 7661.52 -2.142251
01557600 -4143.44 -6443.04 7659.93 -2.142328
01557660 -4143.84 -6444.81 7660.75 -2.142249
01557720 -4143.30 -6444.12 7661.14 -2.142295
01557780 -4144.17 -6444.82 7664.35 -2.142478
01557840 -4145.96 -6444.41 7662.34 -2.142340
01557900 -4146.25 -6444.47 7664.87 -2.142286
01557960 -4147.13 -6445.07 7663.73 -2.142586
01558020 -4146.91 -6445.02 7662.71 -2.142468
01558080 -4147.61 -6445.06 7663.09 -2.142612
01558140 -4148.11 -6444.65 7664.30 -2.142630
01558200 -4149.28 -6444.93 7664.52 -2.142824
01558260 -4148.77 -6444.84 7665.65 -2.142870
01558320 -4150.05 -6444.28 7666.75 -2.142966
01558380 -4150.02 -6443.84 7666.46 -2.143058
01558440 -4150.92 -6443.08 7665.58 -2.143101
01558500 -4151.70 -6443.66 7666.10 -2.143214
01558560 -4152.02 -6444.16 7664.75 -2.143154
01558620 -4152.24 -6444.93 7667.03 -2.143168
01558680 -4151.69 -6445.45 7665.61 -2.143121
01558740 -4152.86 -6445.68 7669.02 -2.143168
01558800 -4153.89 -6446.83 7669.11 -2.143186
01558860 -4153.61 -6447.80 7671.11 -2.143166
01558920 -4154.23 -6448.58 7670.39 -2.143248
01558980 -4154.07 -6448.97 7672.52 -2.143037
01559040 -4155.12 -6449.81 7672.77 -2.143295
01559100 -4155.16 -6450.51 7673.91 -2.142963
01559160 -4155.23 -6451.48 7672.98 -2.143043
01559220 -4157.01 -6451.27 7674.21 -2.143340
01559280 -4156.87 -6452.67 7676.45 -2.143239
01559340 -4157.05 -6452.40 7674.75 -2.143257
01559400 -4157.27 -6452.79 7677.91 -2.143256
01559460 -4158.53 -6453.03 7677.51 -2.143088
01559520 -4158.93 -6454.54 7679.09 -2.142923
01559580 -4159.03 -6455.58 7678.90 -2.142975
01559640 -4158.68 -6454.69 7677.54 -2.143218
01559700 -4157.66 -6455.56 7679.26 -2.142925
01559760 -4157.01 -6454.78 7678.26 -2.142899
01559820 -4157.22 -6455.33 7676.45 -2.142892
01559880 -4155.29 -6455.37 7676.67 -2.142901
01559940 -4154.82 -6456.19 7678.29 -2.142618
01560000 -4155.04 -6456.11 7677.19 -2.142612
01560060 -4154.37 -6456.40 7678.14 -2.142549
01560120 -4152.54 -6456.52 7677.54 -2.142427
01560180 -4153.22 -6456.53 7675.18 -2.142422
01560240 -4151.15 -6456.47 7675.82 -2.142228
01560300 -4150.89 -6455.72 7675.70 -2.142291
01560360 -4150.93 -6456.93 7675.53 -2.142318
01560420 -4150.11 -6456.20 7675.17 -2.142157
01560480 -4149.95 -6456.76 7675.52 -2.141922
01560540 -4149.27 -6456.65 7674.30 -2.141731
01560600 -4148.76 -6456.71 7675.90 -2.141794
01560660 -4147.44 -6456.49 7674.57 -2.141713
01560720 -4147.66 -6457.84 7675.13 -2.141691
01560780 -4145.02 -6456.92 7672.16 -2.141400
01560840 -4145.76 -6457.67 7672.57 -2.141595
01560900 -4145.34 -6456.96 7673.81 -2.141391
01560960 -4144.52 -6457.83 7672.91 -2.141444
01561020 -4143.90 -6457.93 7672.08 -2.141210
01561080 -4142.99 -6458.40 7672.55 -2.141246
01561140 -4141.82 -6457.12 7672.74 -2.141124
01561200 -4142.21 -6457.55 7671.31 -2.141124
01561260 -4140.68 -6458.61 7671.44 -2.141089
01561320 -4140.40 -6457.75 7671.55 -2.140806
01561380 -4140.21 -6458.56 7671.21 -2.140922
01561440 -4138.40 -6459.76 7670.28 -2.140727
01561500 -4138.48 -6458.70 7670.78 -2.140733
01561560 -4138.84 -6458.24 7672.58 -2.140618
01561620 -4137.25 -6458.04 7670.48 -2.140530
01561680 -4136.63 -6459.25 7667.13 -2.140685
01561740 -4136.44 -6458.88 7669.46 -2.140475
01561800 -4135.38 -6458.64 7668.87 -2.140147
01561860 -4134.94 -6458.89 7672.16 -2.140218
01561920 -4133.88 -6459.36 7667.67 -2.140151
01561980 -4133.24 -6459.33 7669.98 -2.139984
01562040 -4132.44 -6459.47 7668.07 -2.140209
01562100 -4131.62 -6458.41 7667.72 -2.139794
01562160 -4131.88 -6459.40 7667.94 -2.139887
01562220 -4130.62 -6459.64 7668.76 -2.139965
01562280 -4130.02 -6459.57 7669.58 -2.139685
01562340 -4129.35 -6460.13 7666.62 -2.139576
01562400 -4129.41 -6460.26 7666.95 -2.139763
01562460 -4128.40 -6458.79 7666.18 -2.139358
01562520 -4127.79 -6459.82 7666.31 -2.139440
01562580 -4126.67 -6459.87 7664.66 -2.139601
01562640 -4126.85 -6460.02 7664.36 -2.139125
01562700 -4125.80 -6460.54 7665.70 -2.139095
01562760 -4124.90 -6460.74 7664.57 -2.139164
01562820 -4125.64 -6460.39 7663.54 -2.138891
01562880 -4123.51 -6459.23 7663.39 -2.138757
01562940 -4123.76 -6461.13 7664.10 -2.138898
01563000 -4123.39 -6460.93 7664.53 -2.138793
01563060 -4122.30 -6461.83 7664.22 -2.138733
01563120 -4121.67 -6461.67 7664.72 -2.138667
01563180 -4120.37 -6462.93 7663.06 -2.138510
01563240 -4121.34 -6463.44 7664.37 -2.138528
01563300 -4120.83 -6463.28 7665.19 -2.138213
01563360 -4120.44 -6464.63 7664.09 -2.138118
01563420 -4120.28 -6465.90 7667.34 -2.138114
01563480 -4118.81 -6465.54 7665.57 -2.138031
01563540 -4118.48 -6465.90 7666.95 -2.138072
01563600 -4118.77 -6467.02 7667.82 -2.137912
01563660 -4118.20 -6467.88 7667.28 -2.137880
01563720 -4118.06 -6468.83 7667.42 -2.137588
01563780 -4117.48 -6468.67 7667.21 -2.137554
01563840 -4117.20 -6469.68 7670.48 -2.137560
01563900 -4116.76 -6470.68 7667.61 -2.137463
01563960 -4116.25 -6470.39 7668.00 -2.137511
01564020 -4115.77 -6471.54 7670.87 -2.137076
01564080 -4115.20 -6472.01 7670.04 -2.137196
01564140 -4115.10 -6472.40 7669.55 -2.136996
01564200 -4114.47 -6473.10 7670.40 -2.136869
01564260 -4114.31 -6473.89 7672.46 -2.136846
01564320 -4114.22 -6474.48 7673.82 -2.136637
01564380 -4113.84 -6476.06 7670.77 -2.136730
01564440 -4113.74 -6475.94 7673.50 -2.136513
01564500 -4112.80 -6476.65 7674.70 -2.136564
01564560 -4112.57 -6478.87 7672.78 -2.136556
01564620 -4112.18 -6478.17 7674.25 -2.136327
01564680 -4111.43 -6479.11 7673.08 -2.136294
01564740 -4111.50 -6478.93 7674.39 -2.136165
01564800 -4110.95 -6480.34 7674.50 -2.136051
01564860 -4111.02 -6481.21 7674.95 -2.136041
01564920 -4109.46 -6481.64 7676.48 -2.135876
01564980 -4109.88 -6482.56 7675.34 -2.135777
01565040 -4108.77 -6482.73 7674.91 -2.135761
01565100 -4109.49 -6483.28 7674.15 -2.135617
01565160 -4108.78 -6484.71 7675.79 -2.135666
01565220 -4107.39 -6484.11 7675.35 -2.135512
01565280 -4108.51 -6485.15 7676.59 -2.135112
01565340 -4107.25 -6485.88 7678.17 -2.135316
01565400 -4107.08 -6486.35 7677.15 -2.135143
01565460 -4106.33 -6487.83 7678.35 -2.134887
01565520 -4105.96 -6487.84 7679.09 -2.135027
01565580 -4105.47 -6488.78 7678.05 -2.135054
01565640 -4106.19 -6488.77 7680.12 -2.135058
01565700 -4104.29 -6489.62 7678.46 -2.134755
01565760 -4104.23 -6489.97 7678.99 -2.134669
01565820 -4104.71 -6491.90 7679.69 -2.134475
01565880 -4104.21 -6493.22 7682.46 -2.134551
01565940 -4103.53 -6492.35 7680.05 -2.134574
01566000 -4102.84 -6493.42 7682.35 -2.134499
01566060 -4102.05 -6493.46 7680.86 -2.134198
01566120 -4101.32 -6493.66 7681.28 -2.134164
01566180 -4101.83 -6495.86 7683.66 -2.134120
01566240 -4100.95 -6495.83 7681.67 -2.133802
01566300 -4100.89 -6496.37 7681.57 -2.134069
01566360 -4100.60 -6497.66 7679.97 -2.133773
01566420 -4099.98 -6498.43 7684.80 -2.133815
01566480 -4099.69 -6498.66 7681.41 -2.133467
01566540 -4100.43 -6499.29 7684.97 -2.133547
01566600 -4098.28 -6499.02 7684.68 -2.133373
01566660 -4098.09 -6501.08 7684.46 -2.133260
01566720 -4098.85 -6500.72 7684.17 -2.133205
01566780 -4097.67 -6503.05 7685.91 -2.133026
01566840 -4097.86 -6502.21 7686.37 -2.132919
01566900 -4097.77 -6502.23 7687.58 -2.133063
01566960 -4096.96 -6504.07 7684.73 -2.132872
01567020 -4096.24 -6505.14 7688.53 -2.132735
01567080 -4095.85 -6505.73 7686.58 -2.132715
01567140 -4096.17 -6505.61 7689.24 -2.132773
01567200 -4095.15 -6506.11 7686.68 -2.132359
01567260 -4095.57 -6507.04 7687.20 -2.132530
01567320 -4095.27 -6506.94 7687.35 -2.132505
01567380 -4094.32 -6507.35 7687.75 -2.132313
01567440 -4093.03 -6507.96 7690.02 -2.132046
01567500 -4093.58 -6509.74 7687.51 -2.132159
01567560 -4091.76 -6510.16 7692.19 -2.131988
01567620 -4092.10 -6510.11 7690.13 -2.131785
01567680 -4090.88 -6510.54 7690.30 -2.131987
01567740 -4090.31 -6511.96 7692.09 -2.131744
01567800 -4089.86 -6511.04 7689.44 -2.131679
01567860 -4090.60 -6513.12 7689.29 -2.131486
01567920 -4089.48 -6512.92 7691.30 -2.131468
01567980 -4088.45 -6513.41 7688.17 -2.131414
01568040 -4089.17 -6513.46 7690.70 -2.131190
01568100 -4087.67 -6514.45 7689.73 -2.131330
01568160 -4088.44 -6515.17 7690.19 -2.131232
01568220 -4087.14 -6514.94 7688.86 -2.131206
01568280 -4087.13 -6516.01 7690.97 -2.131014
01568340 -4085.79 -6516.04 7689.51 -2.130830
01568400 -4085.91 -6516.30 7690.37 -2.130573
01568460 -4085.01 -6517.48 7689.01 -2.130620
01568520 -4084.13 -6517.84 7692.51 -2.130536
01568580 -4084.11 -6518.26 7689.70 -2.130535
01568640 -4083.43 -6517.72 7692.55 -2.130579
01568700 -4082.31 -6518.76 7693.14 -2.130276
01568760 -4082.19 -6519.54 7692.24 -2.130209
01568820 -4081.49 -6519.85 7691.57 -2.130280
01568880 -4081.75 -6519.91 7691.78 -2.130074
01568940 -4080.29 -6520.17 7692.07 -2.129874
01569000 -4080.03 -6521.00 7694.02 -2.129966
01569060 -4079.89 -6521.15 7692.63 -2.129809
01569120 -4078.91 -6521.93 7694.58 -2.129657
01569180 -4078.04 -6522.04 7692.68 -2.129766
01569240 -4079.02 -6523.37 7690.81 -2.129697
01569300 -4077.92 -6523.78 7692.18 -2.129376
01569360 -4077.00 -6523.48 7692.23 -2.129449
01569420 -4077.09 -6523.98 7693.75 -2.129503
01569480 -4075.67 -6525.58 7693.96 -2.129370
01569540 -4075.17 -6525.33 7692.81 -2.129141
01569600 -4075.50 -6526.55 7695.57 -2.129116
01569660 -4074.27 -6526.23 7693.98 -2.128793
01569720 -4074.41 -6526.31 7694.29 -2.128988
01569780 -4074.41 -6527.94 7694.41 -2.128743
01569840 -4073.23 -6528.39 7693.07 -2.128704
01569900 -4072.34 -6528.15 7693.79 -2.128765
01569960 -4072.17 -6528.73 7694.46 -2.128431
01570020 -4071.77 -6529.80 7696.56 -2.128395
01570080 -4071.87 -6530.43 7696.92 -2.128306
01570140 -4071.75 -6532.24 7694.22 -2.128123
01570200 -4070.62 -6531.02 7696.52 -2.127978
01570260 -4070.50 -6532.47 7698.03 -2.127960
01570320 -4069.68 -6532.72 7697.07 -2.128113
01570380 -4070.35 -6533.65 7696.91 -2.127712
01570440 -4069.43 -6533.67 7697.16 -2.127721
01570500 -4069.31 -6534.65 7698.03 -2.127749
01570560 -4069.31 -6536.83 7698.92 -2.127676
01570620 -4069.28 -6537.73 7698.45 -2.127571
01570680 -4068.04 -6537.18 7702.29 -2.127691
01570740 -4068.73 -6538.03 7698.15 -2.127453
01570800 -4067.21 -6538.71 7700.90 -2.127236
01570860 -4067.95 -6539.56 7700.37 -2.127229
01570920 -4067.19 -6541.08 7702.30 -2.127200
01570980 -4066.43 -6541.71 7701.00 -2.127188
01571040 -4067.09 -6541.74 7702.78 -2.127077
01571100 -4065.07 -6542.40 7701.69 -2.126902
01571160 -4065.72 -6542.80 7704.61 -2.126761
01571220 -4065.40 -6543.43 7702.92 -2.126856
01571280 -4064.50 -6543.62 7703.85 -2.126711
01571340 -4064.68 -6545.22 7705.85 -2.126337
01571400 -4065.04 -6545.54 7705.08 -2.126582
01571460 -4065.39 -6546.68 7706.26 -2.126504
01571520 -4063.59 -6548.04 7704.91 -2.126288
01571580 -4063.20 -6547.55 7705.76 -2.126147
01571640 -4062.91 -6547.69 7706.67 -2.126132
01571700 -4063.21 -6548.77 7706.94 -2.126045
01571760 -4062.25 -6549.69 7708.92 -2.125898
01571820 -4062.57 -6550.99 7709.96 -2.125691
01571880 -4061.75 -6550.47 7708.94 -2.125799
01571940 -4062.12 -6551.97 7709.97 -2.125673
01572000 -4062.44 -6552.69 7708.38 -2.125668
01572060 -4060.61 -6552.54 7707.85 -2.125529
01572120 -4060.93 -6553.99 7711.48 -2.125500
01572180 -4061.19 -6554.92 7712.44 -2.125487
01572240 -4060.34 -6554.45 7708.62 -2.125429
01572300 -4059.66 -6556.46 7711.37 -2.125367
01572360 -4059.81 -6556.21 7712.99 -2.125256
01572420 -4058.72 -6556.81 7709.97 -2.125247
01572480 -4059.21 -6559.00 7711.64 -2.125167
01572540 -4058.94 -6558.51 7713.41 -2.125044
01572600 -4057.61 -6560.11 7713.30 -2.125009
01572660 -4058.24 -6559.82 7714.40 -2.124807
01572720 -4057.23 -6561.03 7713.63 -2.124694
01572780 -4056.24 -6560.51 7714.84 -2.124652
01572840 -4057.40 -6561.71 7714.29 -2.124412
01572900 -4056.85 -6563.14 7714.93 -2.124303
01572960 -4055.76 -6563.82 7714.85 -2.124350
01573020 -4056.93 -6563.94 7716.07 -2.124206
01573080 -4056.13 -6565.02 7716.06 -2.124365
01573140 -4055.83 -6564.75 7717.32 -2.124072
01573200 -4055.48 -6567.22 7717.09 -2.124006
01573260 -4055.04 -6567.74 7718.36 -2.123804
01573320 -4053.33 -6566.71 7718.48 -2.123898
01573380 -4054.62 -6567.87 7721.19 -2.123715
01573440 -4055.37 -6570.34 7719.92 -2.123825
01573500 -4054.74 -6570.35 7719.63 -2.123598
01573560 -4054.92 -6571.34 7720.81 -2.123664
01573620 -4054.37 -6572.02 7720.97 -2.123641
01573680 -4055.15 -6572.48 7720.82 -2.123625
01573740 -4055.06 -6573.87 7724.93 -2.123601
01573800 -4054.22 -6574.94 7723.21 -2.123366
01573860 -4053.97 -6574.49 7723.50 -2.123503
01573920 -4055.13 -6576.00 7725.66 -2.123205
01573980 -4054.74 -6577.18 7725.54 -2.123277
01574040 -4054.62 -6578.82 7727.47 -2.123359
01574100 -4054.68 -6578.83 7727.33 -2.123273
01574160 -4055.48 -6580.24 7729.80 -2.123105
01574220 -4054.90 -6580.77 7730.05 -2.123045
01574280 -4054.83 -6581.08 7729.34 -2.123146
01574340 -4054.83 -6582.21 7730.65 -2.123170
01574400 -4055.53 -6581.55 7732.03 -2.123027
01574460 -4055.90 -6583.94 7731.87 -2.123045
01574520 -4055.67 -6585.21 7734.34 -2.122773
01574580 -4055.50 -6585.40 7733.88 -2.122748
01574640 -4055.81 -6585.88 7735.60 -2.122668
01574700 -4055.92 -6587.05 7737.27 -2.122722
01574760 -4056.20 -6588.26 7737.45 -2.122685
01574820 -4056.55 -6588.57 7736.97 -2.122687
01574880 -4056.02 -6589.64 7737.84 -2.122362
01574940 -4056.06 -6590.85 7736.33 -2.122609
01575000 -4055.43 -6590.70 7739.76 -2.122367
01575060 -4056.40 -6592.54 7739.84 -2.122461
01575120 -4056.30 -6592.65 7740.45 -2.122121
01575180 -4056.21 -6593.77 7741.68 -2.122368
01575240 -4056.39 -6594.45 7740.78 -2.122343
01575300 -4056.14 -6595.68 7743.46 -2.122125
01575360 -4057.18 -6596.11 7742.33 -2.122151
01575420 -4056.01 -6597.64 7743.28 -2.122141
01575480 -4056.88 -6597.56 7744.19 -2.122089
01575540 -4056.38 -6598.35 7746.50 -2.121832
01575600 -4057.47 -6601.02 7746.35 -2.121981
01575660 -4057.23 -6601.00 7747.83 -2.121839
01575720 -4056.80 -6600.59 7747.97 -2.121910
01575780 -4056.44 -6602.71 7748.47 -2.121791
01575840 -4056.81 -6603.23 7749.92 -2.121525
01575900 -4056.77 -6602.96 7751.66 -2.121868
01575960 -4055.89 -6604.42 7752.92 -2.121634
01576020 -4057.34 -6604.92 7751.97 -2.121450
01576080 -4056.39 -6606.05 7752.42 -2.121653
01576140 -4057.45 -6606.82 7753.83 -2.121566
01576200 -4057.29 -6607.88 7754.29 -2.121655
01576260 -4057.28 -6608.24 7754.53 -2.121482
01576320 -4057.65 -6609.02 7754.13 -2.121429
01576380 -4057.07 -6610.92 7755.80 -2.121346
01576440 -4057.35 -6610.54 7755.42 -2.121232
01576500 -4057.57 -6611.83 7759.65 -2.121211
01576560 -4057.05 -6612.59 7759.20 -2.120991
01576620 -4058.15 -6614.04 7759.34 -2.121087
01576680 -4057.11 -6614.42 7758.91 -2.121077
01576740 -4058.24 -6615.29 7760.95 -2.120992
01576800 -4057.46 -6616.19 7760.19 -2.121014
01576860 -4058.64 -6617.35 7761.07 -2.120892
01576920 -4058.48 -6617.86 7762.23 -2.120851
01576980 -4057.71 -6619.70 7763.95 -2.120961
01577040 -4058.51 -6619.04 7765.47 -2.120779
01577100 -4058.23 -6620.27 7765.77 -2.120578
01577160 -4058.23 -6620.75 7767.45 -2.120674
01577220 -4057.59 -6622.43 7766.60 -2.120692
01577280 -4058.29 -6623.05 7766.81 -2.120568
01577340 -4057.82 -6624.30 7768.01 -2.120540
01577400 -4057.94 -6623.68 7767.31 -2.120419
01577460 -4058.51 -6624.97 7772.26 -2.120448
01577520 -4057.68 -6626.84 7771.14 -2.120257
01577580 -4058.50 -6627.42 7771.89 -2.120367
01577640 -4058.52 -6628.06 7773.01 -2.120221
01577700 -4059.18 -6628.48 7771.91 -2.120144
01577760 -4060.30 -6629.01 7774.48 -2.120196
01577820 -4059.79 -6629.39 7773.73 -2.120380
01577880 -4059.97 -6630.47 7774.94 -2.120285
01577940 -4060.95 -6630.90 7776.99 -2.120419
01578000 -4061.49 -6631.82 7775.82 -2.120447
01578060 -4061.95 -6631.95 7778.79 -2.120379
01578120 -4062.29 -6632.81 7778.72 -2.120368
01578180 -4061.92 -6632.95 7779.17 -2.120370
01578240 -4062.80 -6634.38 7780.24 -2.120486
01578300 -4063.53 -6635.01 7781.44 -2.120298
01578360 -4064.83 -6634.65 7779.52 -2.120343
01578420 -4065.01 -6634.51 7782.95 -2.120296
01578480 -4065.26 -6636.12 7781.82 -2.120403
01578540 -4065.38 -6636.27 7784.24 -2.120552
01578600 -4065.99 -6638.31 7781.29 -2.120410
01578660 -4067.25 -6638.42 7785.40 -2.120506
01578720 -4066.91 -6638.76 7784.01 -2.120586
01578780 -4067.72 -6638.96 7788.48 -2.120421
01578840 -4067.18 -6640.18 7785.51 -2.120726
01578900 -4068.32 -6639.97 7787.41 -2.120537
01578960 -4069.02 -6640.82 7790.08 -2.120496
01579020 -4070.67 -6641.93 7789.84 -2.120773
01579080 -4070.35 -6641.21 7790.28 -2.120632
01579140 -4070.10 -6642.54 7789.49 -2.120666
01579200 -4071.94 -6643.48 7789.99 -2.120483
01579260 -4072.00 -6643.86 7791.54 -2.120463
01579320 -4072.06 -6644.38 7790.70 -2.120649
01579380 -4073.78 -6645.37 7793.52 -2.120834
01579440 -4073.06 -6645.67 7794.43 -2.120714
01579500 -4073.97 -6646.21 7794.06 -2.120795
01579560 -4074.70 -6646.15 7794.91 -2.120622
01579620 -4074.71 -6647.02 7797.26 -2.120879
01579680 -4074.90 -6647.83 7796.35 -2.120596
01579740 -4075.49 -6646.97 7796.10 -2.120754
01579800 -4075.79 -6649.83 7797.36 -2.120798
01579860 -4076.78 -6649.12 7799.91 -2.120824
01579920 -4077.50 -6650.13 7801.08 -2.120654
01579980 -4078.18 -6651.38 7800.65 -2.120755
01580040 -4078.46 -6650.10 7801.17 -2.120927
01580100 -4078.52 -6651.91 7803.30 -2.120892
01580160 -4078.17 -6652.45 7801.78 -2.120854
01580220 -4079.71 -6651.09 7803.56 -2.120804
01580280 -4079.63 -6653.60 7805.38 -2.120762
01580340 -4081.27 -6653.85 7806.06 -2.120805
01580400 -4080.87 -6655.11 7806.06 -2.120932
01580460 -4082.04 -6656.46 7805.87 -2.120816
01580520 -4081.17 -6655.73 7807.00 -2.120877
01580580 -4082.44 -6655.86 7808.08 -2.120692
01580640 -4081.76 -6657.90 7809.10 -2.120853
01580700 -4082.14 -6658.14 7810.34 -2.120806
01580760 -4083.17 -6658.65 7809.52 -2.120812
01580820 -4083.06 -6659.50 7811.48 -2.120970
01580880 -4083.78 -6659.94 7813.45 -2.120956
01580940 -4084.24 -6660.09 7813.87 -2.121055
01581000 -4085.64 -6661.44 7814.15 -2.120850
01581060 -4085.67 -6661.80 7816.10 -2.120743
01581120 -4086.02 -6663.22 7815.08 -2.120946
01581180 -4087.25 -6663.29 7816.23 -2.121064
01581240 -4086.13 -6664.72 7818.78 -2.120926
01581300 -4086.95 -6664.97 7816.36 -2.120898
01581360 -4087.28 -6666.16 7821.89 -2.120971
01581420 -4088.39 -6666.23 7818.62 -2.120777
01581480 -4087.63 -6666.30 7821.08 -2.120927
01581540 -4088.11 -6667.60 7821.95 -2.120927
01581600 -4089.01 -6668.05 7820.94 -2.121034
01581660 -4089.60 -6669.10 7820.51 -2.120960
01581720 -4089.92 -6668.75 7822.27 -2.120842
01581780 -4090.65 -6669.86 7824.91 -2.120944
01581840 -4091.38 -6671.22 7825.14 -2.120773
01581900 -4090.31 -6671.91 7826.41 -2.120954
01581960 -4092.18 -6671.99 7827.15 -2.120703
01582020 -4092.47 -6673.85 7828.68 -2.120917
01582080 -4092.24 -6673.38 7828.61 -2.120842
01582140 -4092.49 -6674.71 7828.64 -2.120886
01582200 -4093.12 -6675.87 7830.79 -2.120838
01582260 -4094.22 -6676.00 7831.51 -2.120912
01582320 -4094.63 -6676.46 7831.88 -2.120874
01582380 -4094.70 -6677.19 7831.43 -2.120916
01582440 -4095.02 -6678.08 7833.13 -2.120723
01582500 -4095.02 -6678.13 7834.24 -2.120949
01582560 -4096.68 -6678.73 7834.11 -2.120812
01582620 -4095.91 -6680.48 7836.48 -2.120893
01582680 -4097.51 -6680.21 7837.59 -2.120904
01582740 -4097.10 -6680.70 7837.63 -2.121005
01582800 -4097.63 -6681.33 7839.14 -2.120802
01582860 -4097.88 -6682.08 7838.02 -2.121011
01582920 -4097.68 -6683.82 7840.59 -2.120989
01582980 -4098.79 -6683.30 7839.41 -2.121111
01583040 -4099.46 -6685.76 7840.98 -2.120790
01583100 -4100.62 -6685.32 7842.70 -2.120802
01583160 -4100.13 -6685.61 7843.18 -2.121018
01583220 -4100.36 -6685.83 7844.46 -2.120899
01583280 -4101.27 -6688.00 7842.94 -2.121028
01583340 -4101.67 -6688.87 7847.28 -2.120816
01583400 -4101.92 -6688.05 7844.70 -2.120878
01583460 -4102.67 -6688.45 7846.42 -2.120981
01583520 -4103.03 -6689.17 7848.70 -2.120865
01583580 -4103.37 -6690.74 7846.85 -2.120854
01583640 -4102.89 -6691.16 7849.56 -2.120767
01583700 -4103.92 -6691.76 7849.68 -2.120797
01583760 -4105.04 -6691.96 7850.40 -2.120786
01583820 -4104.82 -6693.73 7851.09 -2.120853
01583880 -4105.58 -6693.58 7853.44 -2.120827
01583940 -4106.68 -6694.43 7852.68 -2.120930
01584000 -4105.54 -6695.86 7855.69 -2.121086
01584060 -4106.68 -6695.84 7854.86 -2.120939
01584120 -4106.53 -6696.21 7856.06 -2.120869
01584180 -4106.52 -6697.29 7857.03 -2.120792
01584240 -4107.58 -6698.07 7856.95 -2.120730
01584300 -4106.67 -6697.77 7856.34 -2.120876
01584360 -4106.80 -6698.98 7856.60 -2.120723
01584420 -4106.81 -6699.73 7857.46 -2.120694
01584480 -4106.72 -6701.07 7857.12 -2.120586
01584540 -4106.77 -6701.53 7858.02 -2.120693
01584600 -4106.40 -6702.35 7858.69 -2.120539
01584660 -4107.02 -6703.34 7861.86 -2.120514
01584720 -4106.92 -6703.86 7860.80 -2.120494
01584780 -4106.77 -6704.27 7864.60 -2.120552
01584840 -4107.19 -6705.62 7861.58 -2.120411
01584900 -4107.92 -6706.11 7864.30 -2.120577
01584960 -4106.21 -6706.87 7864.96 -2.120450
01585020 -4106.61 -6707.82 7864.05 -2.120264
01585080 -4107.72 -6707.70 7865.03 -2.120278
01585140 -4107.04 -6708.74 7866.00 -2.120073
01585200 -4107.40 -6709.45 7867.24 -2.119962
01585260 -4107.92 -6709.64 7868.89 -2.120076
01585320 -4107.09 -6710.20 7868.06 -2.120081
01585380 -4107.24 -6711.54 7867.32 -2.120087
01585440 -4107.43 -6711.57 7867.36 -2.119955
01585500 -4107.00 -6712.57 7868.41 -2.119855
01585560 -4106.86 -6713.22 7868.69 -2.119934
01585620 -4107.84 -6713.86 7871.43 -2.119744
01585680 -4107.09 -6714.42 7870.21 -2.119717
01585740 -4107.63 -6714.76 7872.15 -2.119704
01585800 -4107.49 -6716.83 7872.49 -2.119664
01585860 -4107.01 -6716.29 7874.00 -2.119690
01585920 -4107.49 -6716.67 7873.25 -2.119521
01585980 -4107.43 -6718.17 7874.25 -2.119718
01586040 -4106.92 -6719.10 7876.02 -2.119604
01586100 -4107.93 -6718.36 7874.70 -2.119586
01586160 -4107.25 -6720.09 7875.81 -2.119511
01586220 -4107.12 -6720.35 7875.67 -2.119468
01586280 -4106.68 -6722.58 7877.05 -2.119366
01586340 -4106.54 -6722.18 7877.54 -2.119143
01586400 -4106.68 -6722.78 7877.90 -2.119230
01586460 -4106.57 -6722.99 7878.67 -2.119272
01586520 -4107.20 -6723.45 7878.59 -2.118949
01586580 -4106.70 -6724.61 7879.15 -2.119435
01586640 -4107.25 -6725.05 7879.46 -2.118820
01586700 -4107.22 -6726.03 7880.84 -2.119003
01586760 -4107.80 -6726.48 7880.74 -2.119039
01586820 -4107.84 -6727.08 7883.66 -2.118612
01586880 -4106.88 -6727.89 7881.84 -2.118806
01586940 -4107.92 -6729.47 7883.05 -2.118965
01587000 -4107.96 -6729.66 7883.69 -2.118750
01587060 -4107.39 -6730.50 7884.82 -2.118707
01587120 -4107.58 -6731.63 7885.36 -2.118710
01587180 -4107.37 -6731.32 7885.99 -2.118735
01587240 -4107.91 -6733.33 7884.70 -2.118857
01587300 -4106.71 -6733.81 7888.46 -2.118631
01587360 -4108.09 -6733.85 7887.36 -2.118424
01587420 -4108.37 -6734.70 7887.88 -2.118530
01587480 -4106.78 -6735.76 7887.44 -2.118368
01587540 -4107.28 -6736.34 7889.92 -2.118283
01587600 -4106.65 -6736.16 7889.77 -2.118410
01587660 -4107.17 -6736.97 7889.38 -2.118246
01587720 -4107.49 -6739.04 7890.91 -2.118132
01587780 -4107.95 -6738.89 7891.40 -2.118307
01587840 -4107.16 -6738.87 7891.99 -2.118108
01587900 -4106.81 -6739.90 7893.39 -2.118153
01587960 -4107.01 -6740.86 7894.00 -2.118062
01588020 -4107.25 -6742.04 7895.40 -2.118213
01588080 -4107.43 -6740.97 7895.29 -2.118139
01588140 -4107.46 -6741.58 7893.49 -2.118059
01588200 -4107.87 -6741.20 7893.77 -2.118132
01588260 -4107.03 -6740.54 7893.32 -2.118197
01588320 -4107.80 -6741.22 7896.11 -2.118000
01588380 -4108.52 -6741.34 7894.41 -2.118054
01588440 -4107.72 -6741.41 7892.81 -2.117925
01588500 -4107.27 -6740.87 7896.55 -2.118143
01588560 -4107.79 -6742.65 7894.56 -2.117815
01588620 -4108.10 -6741.68 7895.34 -2.117986
01588680 -4107.70 -6741.34 7893.15 -2.118034
01588740 -4107.61 -6741.47 7894.62 -2.118140
01588800 -4107.73 -6741.13 7894.35 -2.118118
01588860 -4107.49 -6741.20 7896.68 -2.118183
01588920 -4108.57 -6741.58 7895.27 -2.118049
01588980 -4108.81 -6741.02 7895.37 -2.118166
01589040 -4107.52 -6741.34 7893.18 -2.118155
01589100 -4107.37 -6742.27 7894.74 -2.117988
01589160 -4107.57 -6741.04 7893.98 -2.118118
01589220 -4107.80 -6741.59 7895.50 -2.118176
01589280 -4107.69 -6741.90 7894.68 -2.118005
01589340 -4107.99 -6742.08 7893.34 -2.117953
01589400 -4107.46 -6741.34 7893.42 -2.117939
01589460 -4108.62 -6742.36 7895.83 -2.118061
01589520 -4107.54 -6741.05 7894.59 -2.117971
01589580 -4107.47 -6742.56 7894.20 -2.118006
01589640 -4108.23 -6741.91 7893.66 -2.117960
01589700 -4107.65 -6741.30 7894.21 -2.118148
01589760 -4107.73 -6741.57 7895.12 -2.117972
01589820 -4108.18 -6742.30 7895.38 -2.118129
01589880 -4108.54 -6742.16 7892.71 -2.117876
01589940 -4106.90 -6741.89 7895.33 -2.117953
01590000 -4108.09 -6742.39 7895.41 -2.118050
01590060 -4108.37 -6741.00 7895.61 -2.117987
01590120 -4107.85 -6742.38 7895.10 -2.117935
01590180 -4107.31 -6741.24 7896.71 -2.118064
01590240 -4107.59 -6742.80 7894.60 -2.117803
01590300 -4106.98 -6742.66 7894.67 -2.117821
01590360 -4107.83 -6743.00 7895.49 -2.117816
01590420 -4106.82 -6742.15 7896.32 -2.117933
01590480 -4107.13 -6742.27 7895.66 -2.118088
01590540 -4107.76 -6742.39 7894.94 -2.117947
01590600 -4108.03 -6742.75 7894.40 -2.117848
01590660 -4107.60 -6742.10 7895.43 -2.118188
01590720 -4107.54 -6742.96 7895.18 -2.118020
01590780 -4107.03 -6742.30 7896.67 -2.117982
01590840 -4108.25 -6742.37 7895.22 -2.118026
01590900 -4106.94 -6741.93 7894.19 -2.118137
01590960 -4107.69 -6742.14 7896.00 -2.117864
01591020 -4107.88 -6742.86 7897.02 -2.117988
01591080 -4107.27 -6743.37 7895.70 -2.118023
01591140 -4107.52 -6743.01 7896.70 -2.117853
01591200 -4107.63 -6742.81 7895.25 -2.117930
01591260 -4107.77 -6742.90 7894.48 -2.117972
01591320 -4107.65 -6743.49 7894.72 -2.117990
01591380 -4107.65 -6742.10 7895.12 -2.117933
01591440 -4108.24 -6742.86 7896.02 -2.118024
01591500 -4107.18 -6742.23 7894.32 -2.117954
01591560 -4107.40 -6743.19 7895.80 -2.117935
01591620 -4108.47 -6742.44 7895.39 -2.117845
01591680 -4107.48 -6743.03 7895.40 -2.117844
01591740 -4107.19 -6743.53 7896.14 -2.117742
01591800 -4107.32 -6743.42 7896.49 -2.117726
01591860 -4107.56 -6743.22 7894.27 -2.118019
01591920 -4109.00 -6743.76 7895.20 -2.117995
01591980 -4108.02 -6742.63 7898.08 -2.117738
01592040 -4107.65 -6743.27 7896.68 -2.117903
01592100 -4109.17 -6743.49 7897.09 -2.118140
01592160 -4108.02 -6743.10 7895.76 -2.118028
01592220 -4106.87 -6742.80 7895.57 -2.118230
01592280 -4107.65 -6743.05 7895.08 -2.117901
01592340 -4107.06 -6742.88 7897.41 -2.118007
01592400 -4108.38 -6743.34 7895.88 -2.117931
01592460 -4107.17 -6743.51 7896.81 -2.118009
01592520 -4107.01 -6743.11 7896.55 -2.117826
01592580 -4107.70 -6742.47 7895.32 -2.117998
01592640 -4107.56 -6744.03 7896.09 -2.117992
01592700 -4107.08 -6742.73 7895.44 -2.117869
01592760 -4107.58 -6743.48 7894.57 -2.117946
01592820 -4108.32 -6743.87 7894.55 -2.118028
01592880 -4108.34 -6743.74 7894.80 -2.117822
01592940 -4107.68 -6743.35 7896.83 -2.117986
01593000 -4108.16 -6743.54 7896.38 -2.117925
01593060 -4107.44 -6743.05 7896.37 -2.117812
01593120 -4107.58 -6743.14 7896.95 -2.117765
01593180 -4107.90 -6744.28 7897.51 -2.117807
01593240 -4107.09 -6742.99 7895.47 -2.117947
01593300 -4107.37 -6743.46 7896.84 -2.117965
01593360 -4107.79 -6742.76 7894.95 -2.117851
01593420 -4107.88 -6743.84 7895.55 -2.117743
01593480 -4108.24 -6744.08 7896.27 -2.118003
01593540 -4107.68 -6743.36 7897.03 -2.117903
01593600 -4107.78 -6743.66 7896.07 -2.117981
01593660 -4107.93 -6744.13 7898.38 -2.117860
01593720 -4107.40 -6744.27 7895.38 -2.118026
01593780 -4107.30 -6744.78 7894.97 -2.117893
01593840 -4107.44 -6744.36 7896.80 -2.117867
01593900 -4107.26 -6743.74 7897.65 -2.117793
01593960 -4108.11 -6744.31 7897.01 -2.117951
01594020 -4106.99 -6743.27 7896.12 -2.117845
01594080 -4107.32 -6743.78 7896.31 -2.117913
01594140 -4107.64 -6744.09 7894.94 -2.117903
01594200 -4107.56 -6743.94 7897.44 -2.117708
01594260 -4107.82 -6744.40 7896.89 -2.117875
01594320 -4107.42 -6743.48 7896.22 -2.117778
01594380 -4108.34 -6743.35 7897.25 -2.117815
01594440 -4106.62 -6744.44 7897.27 -2.117761
01594500 -4106.54 -6745.33 7896.74 -2.117610
01594560 -4108.11 -6747.33 7898.21 -2.117781
01594620 -4106.98 -6746.79 7899.29 -2.117395
01594680 -4106.10 -6747.95 7898.68 -2.117575
01594740 -4106.35 -6748.63 7899.87 -2.117338
01594800 -4105.70 -6748.93 7900.09 -2.117231
01594860 -4105.58 -6750.25 7901.14 -2.117234
01594920 -4104.46 -6750.45 7903.48 -2.116803
01594980 -4104.75 -6751.94 7902.43 -2.116931
01595040 -4104.17 -6752.77 7902.92 -2.117009
01595100 -4104.12 -6752.61 7902.68 -2.116903
01595160 -4104.28 -6754.07 7903.02 -2.116826
01595220 -4103.10 -6753.69 7906.16 -2.116826
01595280 -4103.69 -6754.69 7904.87 -2.116534
01595340 -4103.83 -6756.41 7903.12 -2.116627
01595400 -4101.94 -6756.54 7907.83 -2.116351
01595460 -4102.60 -6757.30 7905.35 -2.116401
01595520 -4102.49 -6758.77 7907.45 -2.116380
01595580 -4101.97 -6759.43 7908.11 -2.116164
01595640 -4102.10 -6760.50 7905.35 -2.116164
01595700 -4100.97 -6761.29 7907.84 -2.116053
01595760 -4101.51 -6762.09 7909.10 -2.115920
01595820 -4102.13 -6762.68 7908.18 -2.115990
01595880 -4101.17 -6763.56 7909.52 -2.115934
01595940 -4099.97 -6763.75 7910.17 -2.115746
01596000 -4100.23 -6765.18 7911.27 -2.115666
01596060 -4100.33 -6765.92 7909.93 -2.115472
01596120 -4098.43 -6766.00 7909.26 -2.115511
01596180 -4098.96 -6766.00 7913.25 -2.115420
01596240 -4099.28 -6767.97 7913.30 -2.115254
01596300 -4099.39 -6768.55 7912.91 -2.115424
01596360 -4098.56 -6768.53 7915.20 -2.115258
01596420 -4097.96 -6770.25 7914.48 -2.115135
01596480 -4098.08 -6770.70 7914.06 -2.114991
01596540 -4098.71 -6771.76 7914.34 -2.115083
01596600 -4098.07 -6772.63 7916.38 -2.115072
01596660 -4097.74 -6772.16 7917.22 -2.114813
01596720 -4096.94 -6774.47 7917.04 -2.114779
01596780 -4096.46 -6775.29 7916.38 -2.114595
01596840 -4096.12 -6774.92 7916.13 -2.114459
01596900 -4096.28 -6775.94 7918.88 -2.114439
01596960 -4095.85 -6776.39 7918.65 -2.114297
01597020 -4095.40 -6777.35 7919.78 -2.114409
01597080 -4094.69 -6778.18 7919.16 -2.114294
01597140 -4095.43 -6779.17 7919.59 -2.114134
01597200 -4094.77 -6779.73 7918.64 -2.114123
01597260 -4094.51 -6779.94 7923.01 -2.114158
01597320 -4093.41 -6781.64 7921.12 -2.114096
01597380 -4093.87 -6783.53 7921.82 -2.113896
01597440 -4093.94 -6783.01 7922.06 -2.113848
01597500 -4093.22 -6784.38 7921.02 -2.113460
01597560 -4092.49 -6784.67 7923.93 -2.113692
01597620 -4092.10 -6785.16 7923.66 -2.113648
01597680 -4092.09 -6785.89 7924.78 -2.113447
01597740 -4091.97 -6786.94 7926.32 -2.113362
01597800 -4092.52 -6787.54 7924.39 -2.113352
01597860 -4090.94 -6788.40 7926.50 -2.113050
01597920 -4091.52 -6789.58 7924.91 -2.113070
01597980 -4091.42 -6789.05 7926.77 -2.112948
01598040 -4090.43 -6790.68 7929.06 -2.112952
01598100 -4090.54 -6791.73 7928.11 -2.113041
01598160 -4089.94 -6792.26 7928.14 -2.112917
01598220 -4090.17 -6792.28 7929.46 -2.112939
01598280 -4088.94 -6793.44 7930.88 -2.112683
01598340 -4089.12 -6794.69 7930.11 -2.112470
01598400 -4090.19 -6794.76 7930.20 -2.112648
01598460 -4089.23 -6795.97 7931.44 -2.112472
01598520 -4088.98 -6796.91 7931.86 -2.112438
01598580 -4088.44 -6796.38 7931.55 -2.112216
01598640 -4087.93 -6797.22 7931.22 -2.112238
01598700 -4087.65 -6797.47 7932.95 -2.111933
01598760 -4087.20 -6799.51 7932.87 -2.112180
01598820 -4087.14 -6799.71 7932.26 -2.111664
01598880 -4086.79 -6801.00 7934.02 -2.111809
01598940 -4086.18 -6801.30 7934.44 -2.111908
01599000 -4086.50 -6801.95 7935.46 -2.111857
01599060 -4085.53 -6802.39 7935.39 -2.111607
01599120 -4086.09 -6802.87 7936.28 -2.111651
01599180 -4085.88 -6804.48 7937.10 -2.111407
01599240 -4084.78 -6804.84 7937.73 -2.111791
01599300 -4085.55 -6804.34 7936.44 -2.111305
01599360 -4085.10 -6806.26 7937.75 -2.111358
01599420 -4084.27 -6807.00 7936.86 -2.111241
01599480 -4084.51 -6807.38 7936.36 -2.111206
01599540 -4083.09 -6807.77 7940.49 -2.111140
01599600 -4084.36 -6809.78 7939.47 -2.111053
01599660 -4082.89 -6810.37 7940.63 -2.111013
01599720 -4083.29 -6810.30 7939.30 -2.110905
01599780 -4082.53 -6811.42 7941.35 -2.110780
01599840 -4082.10 -6811.49 7941.44 -2.110828
01599900 -4082.75 -6812.77 7940.42 -2.110655
01599960 -4082.62 -6813.14 7943.08 -2.110618
01600020 -4081.46 -6813.66 7941.90 -2.110492
01600080 -4081.37 -6815.01 7945.41 -2.110505
01600140 -4081.27 -6816.07 7943.21 -2.110375
01600200 -4080.57 -6816.12 7943.40 -2.110231
01600260 -4080.64 -6817.23 7944.89 -2.110169
01600320 -4081.67 -6817.13 7943.73 -2.110030
01600380 -4081.28 -6818.04 7945.18 -2.110045
01600440 -4080.42 -6818.54 7946.52 -2.109894
01600500 -4079.73 -6820.28 7946.95 -2.109875
01600560 -4078.34 -6819.36 7947.91 -2.109757
01600620 -4079.29 -6820.73 7948.91 -2.109747
01600680 -4079.11 -6821.68 7949.01 -2.109618
01600740 -4078.06 -6822.96 7947.57 -2.109746
01600800 -4078.46 -6822.62 7949.79 -2.109561
01600860 -4077.90 -6823.88 7950.93 -2.109483
01600920 -4077.15 -6824.95 7947.88 -2.109331
01600980 -4077.48 -6825.48 7949.96 -2.109192
01601040 -4077.74 -6825.82 7951.12 -2.109312
01601100 -4076.78 -6826.81 7951.47 -2.109041
01601160 -4076.98 -6827.78 7952.71 -2.109039
01601220 -4075.70 -6827.95 7952.82 -2.108988
01601280 -4075.36 -6828.91 7951.96 -2.108940
01601340 -4075.54 -6829.72 7955.16 -2.108759
01601400 -4076.51 -6829.91 7955.62 -2.108667
01601460 -4075.23 -6831.95 7955.01 -2.108814
01601520 -4075.62 -6831.83 7953.86 -2.108552
01601580 -4074.26 -6832.66 7956.90 -2.108544
01601640 -4074.72 -6833.59 7953.82 -2.108585
01601700 -4073.78 -6833.26 7955.99 -2.108428
01601760 -4073.34 -6835.24 7955.56 -2.108264
01601820 -4073.94 -6834.23 7957.74 -2.108290
01601880 -4073.44 -6835.53 7956.30 -2.108178
01601940 -4073.26 -6836.96 7958.56 -2.108026
01602000 -4072.63 -6836.98 7957.47 -2.107914
01602060 -4073.20 -6837.81 7958.88 -2.107653
01602120 -4072.03 -6838.98 7959.59 -2.107906
01602180 -4072.34 -6838.94 7959.85 -2.108006
01602240 -4072.70 -6841.34 7959.69 -2.107732
01602300 -4071.33 -6840.35 7960.88 -2.107678
01602360 -4070.07 -6841.93 7960.65 -2.107575
01602420 -4070.67 -6842.75 7962.23 -2.107504
01602480 -4070.18 -6841.70 7960.68 -2.107486
01602540 -4069.09 -6843.35 7962.88 -2.107270
01602600 -4069.20 -6843.69 7963.47 -2.107392
01602660 -4068.75 -6844.64 7962.71 -2.107054
01602720 -4068.61 -6845.04 7963.48 -2.107239
01602780 -4068.29 -6846.20 7961.04 -2.106682
01602840 -4067.25 -6846.97 7962.28 -2.106807
01602900 -4067.01 -6846.02 7963.09 -2.106805
01602960 -4066.80 -6847.04 7963.94 -2.106660
01603020 -4066.49 -6847.95 7963.61 -2.106570
01603080 -4065.64 -6849.11 7962.87 -2.106468
01603140 -4065.18 -6848.43 7965.13 -2.106542
01603200 -4064.75 -6849.62 7964.40 -2.106462
01603260 -4064.12 -6850.49 7965.24 -2.106297
01603320 -4063.05 -6850.99 7962.83 -2.106273
01603380 -4063.27 -6851.34 7964.73 -2.106116
01603440 -4062.63 -6851.77 7965.18 -2.105952
01603500 -4061.68 -6852.62 7965.28 -2.105940
01603560 -4061.48 -6853.20 7965.51 -2.105590
01603620 -4060.89 -6853.97 7965.23 -2.105823
01603680 -4061.01 -6853.88 7966.61 -2.105570
01603740 -4060.40 -6853.66 7966.37 -2.105571
01603800 -4060.17 -6854.75 7967.94 -2.105355
01603860 -4059.12 -6855.93 7967.01 -2.105374
01603920 -4058.77 -6855.52 7965.60 -2.105185
01603980 -4057.53 -6856.97 7968.32 -2.105048
01604040 -4057.46 -6857.18 7968.02 -2.105181
01604100 -4057.53 -6858.61 7966.99 -2.105112
01604160 -4056.71 -6858.33 7967.58 -2.105019
01604220 -4056.56 -6859.56 7968.25 -2.104707
01604280 -4055.87 -6859.48 7968.91 -2.104684
01604340 -4054.91 -6860.17 7967.87 -2.104690
01604400 -4053.86 -6860.64 7969.31 -2.104588
01604460 -4054.50 -6861.54 7970.72 -2.104423
01604520 -4053.87 -6861.65 7970.09 -2.104257
01604580 -4052.49 -6861.93 7970.98 -2.104326
01604640 -4052.47 -6862.96 7970.96 -2.104238
01604700 -4052.36 -6863.99 7970.64 -2.104196
01604760 -4051.94 -6865.00 7970.64 -2.104191
01604820 -4051.10 -6865.44 7970.38 -2.103898
01604880 -4051.12 -6864.79 7971.54 -2.103971
01604940 -4050.39 -6866.02 7971.89 -2.103805
01605000 -4050.24 -6867.13 7971.27 -2.103643
01605060 -4049.24 -6866.28 7972.01 -2.103393
01605120 -4048.39 -6866.35 7969.65 -2.103527
01605180 -4047.89 -6866.59 7971.71 -2.103420
01605240 -4046.53 -6865.75 7969.33 -2.103426
01605300 -4046.30 -6865.50 7968.00 -2.103275
01605360 -4045.47 -6865.57 7969.23 -2.103172
01605420 -4043.96 -6865.24 7967.63 -2.103096
01605480 -4042.43 -6865.36 7967.78 -2.103137
01605540 -4042.14 -6865.98 7966.79 -2.102965
01605600 -4042.26 -6866.13 7963.48 -2.103148
01605660 -4040.48 -6865.18 7966.87 -2.102803
01605720 -4040.55 -6863.63 7965.65 -2.102894
01605780 -4039.91 -6864.61 7964.95 -2.102724
01605840 -4038.46 -6863.43 7964.72 -2.102649
01605900 -4037.66 -6864.14 7963.76 -2.102403
01605960 -4037.34 -6864.91 7962.48 -2.102496
01606020 -4035.71 -6863.98 7963.28 -2.102345
01606080 -4035.14 -6863.87 7961.92 -2.102247
01606140 -4034.34 -6863.54 7961.07 -2.102251
01606200 -4033.89 -6863.61 7962.05 -2.102141
01606260 -4032.42 -6863.21 7960.45 -2.102061
01606320 -4033.58 -6863.35 7960.25 -2.101966
01606380 -4031.38 -6863.56 7957.32 -2.101614
01606440 -4030.43 -6863.06 7958.58 -2.101808
01606500 -4029.88 -6862.16 7959.62 -2.101966
01606560 -4028.87 -6861.44 7957.34 -2.101644
01606620 -4027.41 -6862.31 7957.55 -2.101361
01606680 -4027.17 -6861.61 7956.99 -2.101702
01606740 -4026.76 -6862.17 7956.42 -2.101227
01606800 -4026.03 -6861.91 7955.87 -2.101371
01606860 -4024.75 -6860.92 7955.46 -2.101449
01606920 -4023.47 -6861.59 7954.81 -2.100974
01606980 -4023.54 -6861.45 7954.28 -2.101245
01607040 -4022.85 -6861.08 7954.03 -2.101154
01607100 -4022.39 -6861.93 7952.39 -2.100997
01607160 -4020.40 -6860.76 7951.56 -2.100932
01607220 -4019.69 -6859.95 7950.12 -2.100900
01607280 -4019.29 -6860.55 7949.73 -2.100627
01607340 -4018.63 -6859.69 7948.94 -2.100587
01607400 -4017.47 -6860.84 7949.50 -2.100684
01607460 -4017.16 -6859.73 7950.54 -2.100489
01607520 -4016.97 -6859.48 7948.31 -2.100392
01607580 -4015.58 -6860.16 7949.84 -2.100366
01607640 -4014.27 -6859.98 7948.00 -2.100105
01607700 -4012.46 -6859.39 7948.73 -2.100335
01607760 -4012.83 -6859.56 7945.23 -2.100255
01607820 -4012.46 -6858.15 7944.42 -2.100193
01607880 -4011.79 -6858.47 7947.20 -2.099805
01607940 -4010.74 -6858.24 7945.22 -2.099860
01608000 -4008.32 -6859.36 7944.62 -2.099779
01608060 -4008.75 -6858.83 7941.49 -2.099543
01608120 -4008.28 -6858.63 7943.66 -2.099484
01608180 -4005.62 -6857.75 7945.38 -2.099493
01608240 -4006.56 -6858.26 7944.18 -2.099440
01608300 -4004.48 -6857.25 7942.14 -2.099375
01608360 -4004.89 -6857.79 7940.99 -2.099327
01608420 -4003.84 -6858.26 7940.40 -2.099143
01608480 -4002.79 -6857.54 7942.09 -2.099210
01608540 -4002.59 -6856.81 7938.23 -2.099035
01608600 -4002.56 -6856.72 7937.66 -2.099103
01608660 -4000.18 -6857.83 7937.64 -2.098776
01608720 -4000.22 -6856.98 7939.16 -2.098828
01608780 -4000.36 -6856.93 7939.08 -2.098838
01608840 -3998.28 -6858.00 7937.21 -2.098856
01608900 -3997.98 -6858.42 7938.91 -2.098700
01608960 -3996.98 -6858.38 7938.76 -2.098471
01609020 -3996.49 -6859.31 7937.35 -2.098346
01609080 -3995.43 -6858.07 7936.68 -2.098296
01609140 -3993.94 -6857.72 7938.18 -2.098293
01609200 -3994.68 -6859.27 7938.01 -2.098150
01609260 -3993.02 -6859.50 7936.53 -2.097972
01609320 -3992.66 -6858.79 7935.58 -2.098057
01609380 -3991.65 -6860.21 7934.72 -2.097741
01609440 -3992.36 -6859.35 7937.33 -2.097700
01609500 -3991.01 -6861.07 7937.29 -2.097689
01609560 -3989.47 -6860.16 7935.40 -2.097679
01609620 -3988.67 -6860.09 7935.88 -2.097319
01609680 -3988.65 -6860.97 7937.45 -2.097175
01609740 -3987.59 -6861.01 7934.45 -2.097141
01609800 -3987.06 -6861.39 7935.56 -2.097169
01609860 -3986.51 -6860.92 7936.01 -2.097003
01609920 -3985.57 -6861.41 7935.85 -2.097039
01609980 -3985.98 -6861.16 7935.25 -2.097055
01610040 -3985.10 -6861.18 7935.42 -2.096827
01610100 -3984.33 -6861.24 7934.85 -2.096793
01610160 -3983.94 -6860.32 7935.07 -2.096886
01610220 -3983.05 -6860.89 7934.82 -2.096610
01610280 -3983.25 -6861.79 7933.51 -2.096726
01610340 -3982.44 -6861.75 7934.09 -2.096405
01610400 -3982.48 -6861.82 7933.43 -2.096628
01610460 -3981.60 -6862.16 7930.80 -2.096564
01610520 -3981.07 -6861.06 7933.78 -2.096396
01610580 -3980.79 -6862.41 7932.07 -2.096393
01610640 -3978.57 -6862.19 7931.02 -2.096319
01610700 -3978.88 -6862.39 7932.26 -2.096328
01610760 -3978.10 -6861.86 7930.50 -2.096264
01610820 -3978.52 -6862.77 7933.18 -2.096054
01610880 -3976.92 -6861.79 7932.15 -2.096183
01610940 -3977.34 -6862.41 7931.77 -2.095673
01611000 -3976.22 -6862.34 7930.63 -2.096104
01611060 -3975.26 -6862.15 7931.61 -2.095782
01611120 -3975.53 -6862.35 7931.05 -2.095870
01611180 -3974.05 -6862.86 7930.46 -2.095657
01611240 -3973.88 -6862.64 7930.68 -2.095781
01611300 -3973.53 -6862.18 7930.12 -2.095779
01611360 -3972.61 -6861.64 7929.08 -2.095544
01611420 -3971.84 -6863.56 7927.76 -2.095519
01611480 -3971.68 -6862.13 7928.59 -2.095496
01611540 -3971.49 -6862.19 7926.99 -2.095279
01611600 -3970.13 -6863.15 7929.72 -2.095356
01611660 -3969.89 -6862.95 7928.95 -2.095184
01611720 -3970.10 -6862.18 7927.52 -2.095358
01611780 -3970.40 -6863.51 7927.93 -2.095377
01611840 -3970.20 -6863.71 7930.16 -2.095365
01611900 -3970.97 -6864.17 7928.74 -2.095387
01611960 -3971.82 -6863.94 7928.89 -2.095217
01612020 -3971.33 -6865.11 7930.99 -2.095410
01612080 -3972.85 -6865.06 7932.73 -2.095539
01612140 -3972.82 -6865.18 7932.91 -2.095477
01612200 -3973.64 -6865.89 7931.98 -2.095725
01612260 -3975.82 -6866.09 7932.58 -2.095489
01612320 -3975.26 -6866.48 7933.87 -2.095764
01612380 -3974.92 -6865.90 7931.80 -2.095570
01612440 -3974.93 -6866.94 7934.30 -2.095539
01612500 -3976.70 -6867.93 7933.17 -2.095676
01612560 -3977.05 -6866.87 7937.35 -2.095638
01612620 -3978.29 -6867.51 7937.79 -2.095774
01612680 -3978.79 -6869.12 7938.10 -2.095745
01612740 -3978.29 -6868.33 7937.78 -2.095762
01612800 -3979.51 -6869.18 7937.49 -2.095976
01612860 -3979.48 -6868.57 7938.58 -2.096021
01612920 -3980.32 -6870.24 7940.82 -2.095968
01612980 -3980.86 -6869.82 7940.71 -2.095972
01613040 -3981.32 -6870.29 7939.77 -2.096076
01613100 -3981.65 -6869.71 7941.89 -2.096175
01613160 -3982.48 -6870.49 7941.80 -2.096084
01613220 -3983.54 -6871.54 7943.32 -2.096055
01613280 -3983.23 -6871.13 7942.55 -2.096152
01613340 -3983.38 -6871.35 7944.39 -2.096107
01613400 -3984.48 -6872.57 7942.71 -2.096297
01613460 -3984.57 -6871.61 7943.67 -2.096298
01613520 -3985.71 -6873.37 7945.09 -2.096370
01613580 -3985.98 -6872.97 7943.53 -2.096308
01613640 -3986.70 -6873.27 7946.31 -2.096160
01613700 -3986.46 -6873.64 7947.80 -2.096201
01613760 -3985.03 -6873.82 7944.97 -2.096393
01613820 -3985.13 -6874.45 7946.39 -2.096061
01613880 -3984.50 -6874.63 7947.15 -2.095971
01613940 -3984.02 -6875.20 7946.70 -2.096056
01614000 -3985.06 -6875.57 7945.86 -2.095965
01614060 -3983.34 -6876.12 7947.61 -2.095809
01614120 -3983.08 -6876.15 7945.54 -2.095711
01614180 -3981.61 -6877.65 7946.23 -2.095750
01614240 -3982.55 -6878.40 7946.37 -2.095562
01614300 -3981.30 -6877.76 7948.60 -2.095578
01614360 -3981.05 -6877.65 7946.16 -2.095389
01614420 -3980.54 -6878.37 7948.72 -2.095378
01614480 -3980.24 -6878.94 7945.98 -2.095257
01614540 -3980.04 -6879.07 7947.23 -2.095316
01614600 -3978.94 -6879.82 7946.90 -2.095356
01614660 -3978.70 -6880.49 7948.33 -2.095189
01614720 -3977.30 -6880.70 7947.42 -2.094854
01614780 -3978.21 -6879.82 7946.56 -2.095010
01614840 -3976.39 -6880.79 7946.18 -2.094941
01614900 -3975.88 -6881.72 7948.35 -2.094748
01614960 -3975.99 -6881.56 7948.07 -2.094809
01615020 -3975.57 -6883.50 7948.33 -2.094547
01615080 -3974.82 -6883.29 7948.15 -2.094722
01615140 -3974.40 -6883.78 7946.98 -2.094591
01615200 -3974.34 -6884.12 7947.73 -2.094366
01615260 -3972.89 -6883.81 7947.54 -2.094240
01615320 -3974.02 -6884.05 7947.90 -2.094210
01615380 -3973.19 -6884.47 7947.76 -2.094187
01615440 -3972.91 -6885.43 7949.46 -2.094072
01615500 -3972.37 -6885.09 7949.33 -2.093936
01615560 -3971.54 -6886.18 7948.10 -2.093977
01615620 -3971.23 -6886.00 7949.08 -2.093829
01615680 -3969.57 -6886.77 7949.43 -2.093859
01615740 -3969.90 -6887.76 7949.53 -2.093610
01615800 -3968.89 -6888.21 7949.08 -2.093526
01615860 -3967.84 -6888.85 7952.19 -2.093612
01615920 -3967.84 -6889.60 7949.72 -2.093302
01615980 -3968.15 -6889.63 7949.61 -2.093330
01616040 -3967.04 -6890.72 7951.50 -2.093249
01616100 -3966.44 -6891.00 7950.52 -2.093154
01616160 -3966.54 -6891.40 7949.44 -2.093009
01616220 -3965.19 -6892.10 7952.20 -2.092822
01616280 -3964.83 -6892.73 7951.75 -2.092793
01616340 -3963.86 -6892.07 7953.22 -2.092746
01616400 -3963.53 -6894.12 7951.56 -2.092831
01616460 -3963.35 -6894.33 7951.87 -2.092452
01616520 -3963.78 -6895.27 7952.99 -2.092294
01616580 -3961.14 -6895.61 7953.08 -2.092333
01616640 -3962.07 -6896.08 7954.54 -2.092097
01616700 -3961.57 -6897.04 7954.46 -2.092299
01616760 -3960.36 -6897.83 7954.07 -2.091990
01616820 -3960.46 -6898.34 7953.12 -2.091963
01616880 -3959.85 -6899.40 7953.06 -2.091928
01616940 -3959.48 -6898.25 7954.80 -2.091718
01617000 -3957.60 -6898.60 7953.82 -2.091762
01617060 -3958.28 -6900.54 7954.02 -2.091561
01617120 -3958.29 -6900.08 7953.24 -2.091597
01617180 -3957.37 -6901.45 7955.91 -2.091424
01617240 -3956.53 -6902.04 7954.87 -2.091528
01617300 -3954.63 -6901.55 7956.56 -2.091196
01617360 -3955.37 -6902.68 7957.13 -2.090929
01617420 -3955.00 -6902.44 7956.20 -2.091063
01617480 -3954.46 -6903.12 7954.14 -2.090794
01617540 -3953.66 -6904.86 7956.03 -2.090930
01617600 -3953.18 -6904.14 7955.98 -2.090668
01617660 -3953.25 -6905.03 7957.00 -2.090791
01617720 -3953.59 -6906.30 7956.86 -2.090790
01617780 -3952.47 -6905.85 7959.21 -2.090436
01617840 -3950.54 -6906.28 7955.72 -2.090366
01617900 -3949.54 -6907.45 7956.97 -2.090386
01617960 -3950.36 -6908.64 7958.43 -2.090158
01618020 -3948.78 -6908.24 7957.47 -2.090133
01618080 -3949.00 -6910.27 7958.86 -2.089908
01618140 -3947.57 -6909.88 7958.47 -2.089795
01618200 -3947.55 -6910.24 7959.00 -2.089946
01618260 -3947.51 -6911.02 7959.32 -2.089788
01618320 -3946.20 -6912.09 7959.07 -2.089705
01618380 -3945.56 -6912.46 7959.08 -2.089405
01618440 -3945.42 -6912.47 7957.17 -2.089503
01618500 -3944.39 -6912.36 7957.53 -2.089296
01618560 -3943.29 -6913.99 7958.58 -2.089251
01618620 -3943.24 -6913.70 7959.43 -2.089191
01618680 -3942.04 -6914.33 7959.92 -2.089014
01618740 -3941.84 -6914.53 7959.86 -2.089027
01618800 -3942.08 -6915.45 7959.61 -2.088818
01618860 -3940.49 -6916.02 7959.04 -2.088599
01618920 -3940.29 -6916.66 7960.55 -2.088643
01618980 -3939.59 -6916.60 7959.10 -2.088497
01619040 -3937.80 -6917.33 7959.58 -2.088470
01619100 -3938.04 -6917.55 7961.58 -2.088383
01619160 -3937.66 -6917.57 7962.14 -2.088095
01619220 -3937.00 -6919.24 7961.77 -2.088305
01619280 -3936.14 -6920.12 7960.88 -2.087869
01619340 -3935.79 -6919.63 7963.43 -2.087968
01619400 -3935.89 -6920.78 7960.90 -2.087885
01619460 -3934.91 -6920.91 7959.45 -2.087684
01619520 -3933.75 -6920.88 7961.47 -2.087558
01619580 -3933.88 -6922.45 7961.78 -2.087556
01619640 -3933.25 -6923.17 7962.45 -2.087426
01619700 -3932.04 -6923.77 7961.21 -2.087221
01619760 -3931.75 -6923.41 7960.74 -2.087206
01619820 -3930.95 -6924.37 7962.70 -2.087090
01619880 -3930.72 -6925.30 7962.96 -2.086970
01619940 -3929.31 -6925.38 7962.93 -2.086876
