SDF assignment March 2019, simulated position coordinate readings
 LZF, 12 Mar 2019
 time/s xMeas/m yMeas/m
00720000 -2466.72 -2534.58
00720060 -2466.04 -2533.45
00720120 -2466.25 -2533.51
00720180 -2464.06 -2533.46
00720240 -2462.84 -2532.57
00720300 -2462.75 -2532.50
00720360 -2461.96 -2532.38
00720420 -2460.56 -2531.97
00720480 -2459.23 -2532.07
00720540 -2457.27 -2531.09
00720600 -2457.61 -2530.91
00720660 -2456.27 -2529.49
00720720 -2453.81 -2528.98
00720780 -2454.24 -2528.91
00720840 -2453.19 -2528.64
00720900 -2452.29 -2528.20
00720960 -2451.56 -2527.78
00721020 -2450.29 -2526.60
00721080 -2449.08 -2526.08
00721140 -2447.55 -2526.33
00721200 -2446.90 -2525.85
00721260 -2446.22 -2525.80
00721320 -2445.27 -2525.06
00721380 -2444.42 -2524.07
00721440 -2443.33 -2524.70
00721500 -2441.81 -2523.31
00721560 -2441.21 -2522.85
00721620 -2440.81 -2522.46
00721680 -2438.62 -2522.09
00721740 -2438.10 -2521.53
00721800 -2437.34 -2521.42
00721860 -2436.96 -2520.54
00721920 -2435.02 -2520.57
00721980 -2434.13 -2520.01
00722040 -2433.44 -2518.87
00722100 -2432.93 -2519.22
00722160 -2431.16 -2519.20
00722220 -2430.23 -2518.04
00722280 -2429.66 -2518.09
00722340 -2428.84 -2518.06
00722400 -2427.19 -2515.71
00722460 -2426.68 -2516.10
00722520 -2425.36 -2516.67
00722580 -2424.66 -2514.07
00722640 -2422.64 -2512.88
00722700 -2422.66 -2511.51
00722760 -2421.99 -2509.66
00722820 -2421.46 -2509.01
00722880 -2420.01 -2508.25
00722940 -2418.80 -2507.23
00723000 -2418.86 -2504.39
00723060 -2417.77 -2504.16
00723120 -2417.68 -2502.16
00723180 -2416.02 -2500.87
00723240 -2414.73 -2499.68
00723300 -2415.03 -2497.64
00723360 -2412.70 -2496.76
00723420 -2412.29 -2495.89
00723480 -2412.01 -2494.89
00723540 -2411.34 -2492.22
00723600 -2410.22 -2490.69
00723660 -2409.28 -2490.00
00723720 -2408.51 -2488.89
00723780 -2409.27 -2489.65
00723840 -2411.49 -2489.92
00723900 -2411.97 -2490.12
00723960 -2413.13 -2490.32
00724020 -2414.96 -2489.97
00724080 -2416.31 -2490.23
00724140 -2417.96 -2491.07
00724200 -2417.99 -2491.22
00724260 -2419.89 -2492.24
00724320 -2421.58 -2491.79
00724380 -2422.34 -2491.99
00724440 -2423.59 -2492.60
00724500 -2423.96 -2493.00
00724560 -2426.32 -2493.67
00724620 -2427.08 -2494.19
00724680 -2428.49 -2494.08
00724740 -2428.72 -2494.55
00724800 -2431.46 -2494.72
00724860 -2432.89 -2495.59
00724920 -2434.59 -2496.17
00724980 -2435.65 -2495.31
00725040 -2437.03 -2496.64
00725100 -2437.47 -2496.24
00725160 -2439.62 -2497.10
00725220 -2439.33 -2497.09
00725280 -2441.80 -2497.81
00725340 -2442.74 -2498.01
00725400 -2443.57 -2497.80
00725460 -2445.47 -2499.04
00725520 -2446.93 -2498.60
00725580 -2447.89 -2497.71
00725640 -2449.38 -2498.06
00725700 -2449.67 -2500.08
00725760 -2451.88 -2499.85
00725820 -2453.00 -2500.45
00725880 -2453.80 -2500.00
00725940 -2455.92 -2500.48
00726000 -2457.70 -2501.12
00726060 -2458.06 -2502.15
00726120 -2459.84 -2502.39
00726180 -2461.79 -2501.93
00726240 -2462.07 -2501.50
00726300 -2463.19 -2503.55
00726360 -2464.98 -2503.47
00726420 -2466.02 -2503.51
00726480 -2467.48 -2503.84
00726540 -2468.32 -2504.16
00726600 -2469.27 -2505.17
00726660 -2471.40 -2504.61
00726720 -2472.44 -2506.01
00726780 -2473.32 -2505.72
00726840 -2473.89 -2505.65
00726900 -2475.87 -2505.21
00726960 -2477.12 -2506.39
00727020 -2479.65 -2506.72
00727080 -2479.71 -2507.34
00727140 -2481.12 -2506.54
00727200 -2482.35 -2506.85
00727260 -2483.89 -2507.35
00727320 -2485.16 -2508.40
00727380 -2485.55 -2509.05
00727440 -2488.07 -2508.76
00727500 -2489.32 -2509.42
00727560 -2490.86 -2508.78
00727620 -2490.21 -2510.08
00727680 -2490.28 -2509.95
00727740 -2491.21 -2511.52
00727800 -2491.87 -2510.28
00727860 -2491.02 -2511.30
00727920 -2492.85 -2511.83
00727980 -2492.48 -2511.67
00728040 -2492.35 -2512.05
00728100 -2493.35 -2512.05
00728160 -2494.62 -2511.99
00728220 -2494.98 -2512.80
00728280 -2495.19 -2512.48
00728340 -2495.43 -2513.67
00728400 -2496.03 -2513.47
00728460 -2495.61 -2513.96
00728520 -2496.26 -2514.69
00728580 -2495.80 -2515.38
00728640 -2496.46 -2515.41
00728700 -2496.80 -2514.96
00728760 -2497.29 -2515.86
00728820 -2496.68 -2515.59
00728880 -2497.60 -2516.25
00728940 -2498.57 -2516.53
00729000 -2498.77 -2517.26
00729060 -2499.74 -2517.62
00729120 -2499.72 -2516.54
00729180 -2500.17 -2517.36
00729240 -2500.35 -2518.10
00729300 -2499.88 -2518.86
00729360 -2500.14 -2519.30
00729420 -2501.50 -2518.35
00729480 -2501.31 -2519.70
00729540 -2501.79 -2520.41
00729600 -2502.68 -2520.40
00729660 -2502.69 -2520.09
00729720 -2503.74 -2520.18
00729780 -2503.85 -2521.14
00729840 -2503.42 -2521.65
00729900 -2504.46 -2522.10
00729960 -2505.10 -2521.45
00730020 -2504.96 -2522.25
00730080 -2505.85 -2522.25
00730140 -2505.49 -2523.12
00730200 -2505.13 -2523.26
00730260 -2506.47 -2523.50
00730320 -2506.42 -2523.63
00730380 -2506.57 -2524.43
00730440 -2508.34 -2524.30
00730500 -2507.28 -2524.94
00730560 -2507.61 -2525.13
00730620 -2508.38 -2526.29
00730680 -2508.77 -2525.79
00730740 -2509.77 -2526.73
00730800 -2508.80 -2525.79
00730860 -2509.57 -2527.39
00730920 -2510.76 -2526.45
00730980 -2510.32 -2527.25
00731040 -2511.47 -2527.09
00731100 -2511.48 -2527.54
00731160 -2512.22 -2528.24
00731220 -2512.13 -2528.75
00731280 -2512.00 -2528.99
00731340 -2513.52 -2529.09
00731400 -2513.59 -2529.70
00731460 -2513.00 -2528.71
00731520 -2513.21 -2529.63
00731580 -2514.30 -2530.48
00731640 -2514.82 -2530.46
00731700 -2514.69 -2530.61
00731760 -2515.21 -2531.47
00731820 -2515.74 -2531.24
00731880 -2516.04 -2531.44
00731940 -2516.00 -2531.87
00732000 -2516.73 -2532.40
00732060 -2517.08 -2532.30
00732120 -2517.06 -2532.15
00732180 -2517.63 -2533.09
00732240 -2517.98 -2534.44
00732300 -2517.90 -2534.79
00732360 -2518.58 -2534.13
00732420 -2519.71 -2534.13
00732480 -2519.18 -2534.52
00732540 -2520.09 -2535.11
00732600 -2520.14 -2536.35
00732660 -2520.96 -2536.78
00732720 -2521.19 -2535.18
00732780 -2521.37 -2535.60
00732840 -2521.71 -2537.52
00732900 -2522.12 -2537.04
00732960 -2522.71 -2537.58
00733020 -2523.18 -2537.88
00733080 -2523.92 -2538.16
00733140 -2522.70 -2538.08
00733200 -2524.34 -2539.02
00733260 -2523.93 -2539.44
00733320 -2525.36 -2538.31
00733380 -2524.61 -2539.75
00733440 -2525.25 -2540.10
00733500 -2525.33 -2539.98
00733560 -2526.52 -2540.17
00733620 -2526.33 -2540.99
00733680 -2526.92 -2540.77
00733740 -2527.25 -2542.26
00733800 -2528.32 -2542.89
00733860 -2529.94 -2543.53
00733920 -2531.10 -2544.20
00733980 -2531.20 -2544.10
00734040 -2533.11 -2546.38
00734100 -2533.47 -2546.25
00734160 -2534.68 -2547.22
00734220 -2535.11 -2548.38
00734280 -2535.76 -2548.58
00734340 -2536.77 -2549.83
00734400 -2538.26 -2551.54
00734460 -2538.31 -2551.79
00734520 -2539.26 -2551.47
00734580 -2540.79 -2552.45
00734640 -2541.35 -2553.70
00734700 -2542.27 -2554.60
00734760 -2543.36 -2554.91
00734820 -2544.15 -2556.14
00734880 -2544.56 -2556.94
00734940 -2546.63 -2557.89
00735000 -2546.69 -2558.93
00735060 -2547.45 -2559.13
00735120 -2549.11 -2559.70
00735180 -2549.28 -2561.02
00735240 -2550.99 -2562.57
00735300 -2551.64 -2562.94
00735360 -2553.06 -2562.62
00735420 -2553.12 -2564.08
00735480 -2555.13 -2564.97
00735540 -2555.12 -2565.72
00735600 -2557.16 -2565.82
00735660 -2556.92 -2567.83
00735720 -2557.40 -2567.32
00735780 -2558.55 -2567.89
00735840 -2560.38 -2569.78
00735900 -2560.68 -2569.86
00735960 -2562.23 -2571.04
00736020 -2562.41 -2571.65
00736080 -2564.61 -2572.67
00736140 -2564.94 -2573.10
00736200 -2565.91 -2574.10
00736260 -2566.71 -2573.53
00736320 -2568.26 -2576.34
00736380 -2569.47 -2576.94
00736440 -2569.58 -2577.34
00736500 -2569.82 -2577.40
00736560 -2572.86 -2578.49
00736620 -2572.64 -2578.54
00736680 -2572.80 -2581.38
00736740 -2574.26 -2580.83
00736800 -2575.38 -2582.59
00736860 -2575.84 -2583.35
00736920 -2576.39 -2583.67
00736980 -2578.01 -2583.42
00737040 -2578.41 -2584.99
00737100 -2580.08 -2585.69
00737160 -2581.09 -2586.41
00737220 -2580.63 -2586.66
00737280 -2582.22 -2588.21
00737340 -2583.85 -2588.67
00737400 -2584.41 -2588.81
00737460 -2585.57 -2591.13
00737520 -2586.58 -2591.12
00737580 -2587.12 -2591.86
00737640 -2587.74 -2593.18
00737700 -2588.51 -2593.63
00737760 -2590.01 -2594.51
00737820 -2591.83 -2594.64
00737880 -2592.10 -2595.27
00737940 -2592.97 -2596.48
00738000 -2593.55 -2598.72
00738060 -2594.66 -2598.85
00738120 -2595.46 -2598.89
00738180 -2596.38 -2599.48
00738240 -2597.74 -2600.97
00738300 -2598.43 -2601.84
00738360 -2599.97 -2602.35
00738420 -2600.92 -2603.72
00738480 -2601.15 -2604.06
00738540 -2602.72 -2605.28
00738600 -2602.95 -2606.21
00738660 -2603.41 -2605.97
00738720 -2605.27 -2606.52
00738780 -2605.85 -2607.85
00738840 -2606.77 -2608.79
00738900 -2608.82 -2609.37
00738960 -2608.67 -2610.04
00739020 -2609.08 -2610.46
00739080 -2610.51 -2611.79
00739140 -2611.88 -2612.94
00739200 -2612.40 -2612.86
00739260 -2613.21 -2614.31
00739320 -2614.40 -2614.91
00739380 -2615.32 -2615.82
00739440 -2615.73 -2616.35
00739500 -2616.90 -2616.25
00739560 -2617.75 -2617.78
00739620 -2618.60 -2619.51
00739680 -2618.91 -2620.22
00739740 -2618.64 -2620.08
00739800 -2618.96 -2620.29
00739860 -2618.92 -2620.35
00739920 -2619.90 -2622.23
00739980 -2619.02 -2622.81
00740040 -2620.86 -2622.97
00740100 -2620.48 -2624.18
00740160 -2621.52 -2625.07
00740220 -2621.94 -2626.94
00740280 -2621.94 -2625.86
00740340 -2622.12 -2626.97
00740400 -2621.51 -2627.33
00740460 -2622.49 -2628.21
00740520 -2622.83 -2629.07
00740580 -2624.50 -2629.79
00740640 -2624.03 -2630.61
00740700 -2624.24 -2631.70
00740760 -2624.56 -2632.01
00740820 -2624.30 -2631.83
00740880 -2624.83 -2632.35
00740940 -2625.85 -2633.87
00741000 -2626.14 -2633.99
00741060 -2626.28 -2635.15
00741120 -2626.45 -2635.86
00741180 -2625.84 -2636.75
00741240 -2626.32 -2637.04
00741300 -2626.79 -2638.77
00741360 -2627.15 -2638.06
00741420 -2628.04 -2640.34
00741480 -2628.48 -2639.10
00741540 -2628.48 -2640.88
00741600 -2629.49 -2640.80
00741660 -2628.90 -2641.57
00741720 -2628.93 -2642.08
00741780 -2629.36 -2643.41
00741840 -2630.19 -2643.94
00741900 -2629.83 -2644.31
00741960 -2630.44 -2644.82
00742020 -2630.57 -2645.79
00742080 -2630.13 -2646.17
00742140 -2631.93 -2647.63
00742200 -2632.04 -2648.74
00742260 -2632.58 -2649.32
00742320 -2631.40 -2650.18
00742380 -2632.96 -2650.42
00742440 -2632.17 -2649.71
00742500 -2632.32 -2649.74
00742560 -2633.46 -2649.39
00742620 -2632.33 -2649.84
00742680 -2632.49 -2651.37
00742740 -2632.11 -2649.72
00742800 -2632.08 -2649.22
00742860 -2632.45 -2649.60
00742920 -2633.29 -2650.16
00742980 -2631.90 -2650.19
00743040 -2631.80 -2650.22
00743100 -2633.47 -2650.40
00743160 -2631.55 -2650.50
00743220 -2632.02 -2650.01
00743280 -2632.38 -2650.55
00743340 -2631.69 -2650.66
00743400 -2631.68 -2651.21
00743460 -2632.20 -2649.57
00743520 -2631.81 -2650.60
00743580 -2632.86 -2650.27
00743640 -2632.99 -2651.16
00743700 -2633.01 -2651.41
00743760 -2632.52 -2650.16
00743820 -2631.96 -2650.94
00743880 -2632.86 -2650.21
00743940 -2632.28 -2651.33
00744000 -2632.17 -2650.37
00744060 -2632.31 -2650.24
00744120 -2632.30 -2649.88
00744180 -2632.04 -2649.81
00744240 -2631.62 -2650.27
00744300 -2632.54 -2651.13
00744360 -2631.94 -2650.24
00744420 -2632.74 -2650.97
00744480 -2632.55 -2650.35
00744540 -2631.48 -2650.87
00744600 -2631.61 -2649.20
00744660 -2632.32 -2651.02
00744720 -2633.00 -2649.75
00744780 -2632.15 -2650.52
00744840 -2632.81 -2651.13
00744900 -2632.70 -2649.73
00744960 -2632.27 -2650.05
00745020 -2631.87 -2651.01
00745080 -2632.50 -2651.45
00745140 -2631.97 -2652.01
00745200 -2632.13 -2651.14
00745260 -2632.57 -2651.08
00745320 -2632.03 -2649.80
00745380 -2631.66 -2651.19
00745440 -2632.85 -2650.96
00745500 -2632.25 -2651.16
00745560 -2632.10 -2651.70
00745620 -2631.58 -2651.41
00745680 -2631.81 -2649.60
00745740 -2631.47 -2650.71
00745800 -2632.16 -2651.27
00745860 -2631.57 -2650.79
00745920 -2632.58 -2649.97
00745980 -2630.98 -2650.67
00746040 -2630.75 -2650.18
00746100 -2631.94 -2650.43
00746160 -2631.56 -2651.28
00746220 -2632.94 -2650.36
00746280 -2633.16 -2651.51
00746340 -2632.26 -2651.15
00746400 -2631.83 -2650.76
00746460 -2632.16 -2650.48
00746520 -2632.03 -2651.12
00746580 -2632.31 -2651.95
00746640 -2632.13 -2650.59
00746700 -2632.28 -2651.09
00746760 -2632.16 -2651.29
00746820 -2631.55 -2650.43
00746880 -2632.09 -2650.56
00746940 -2632.14 -2650.31
00747000 -2632.05 -2650.56
00747060 -2632.53 -2651.30
00747120 -2632.59 -2651.03
00747180 -2632.60 -2650.60
00747240 -2632.66 -2651.46
00747300 -2631.46 -2651.60
00747360 -2632.25 -2650.34
00747420 -2632.72 -2650.97
00747480 -2631.74 -2651.12
00747540 -2631.02 -2651.81
00747600 -2632.61 -2650.84
00747660 -2630.97 -2650.34
00747720 -2631.33 -2650.84
00747780 -2631.43 -2650.90
00747840 -2632.15 -2650.12
00747900 -2632.38 -2650.56
00747960 -2631.45 -2651.78
00748020 -2631.57 -2650.82
00748080 -2632.13 -2650.82
00748140 -2631.10 -2650.20
00748200 -2631.20 -2650.18
00748260 -2631.68 -2650.27
00748320 -2631.81 -2651.16
00748380 -2633.00 -2650.79
00748440 -2632.44 -2651.59
00748500 -2632.40 -2651.31
00748560 -2633.74 -2651.61
00748620 -2635.34 -2651.90
00748680 -2635.01 -2652.25
00748740 -2636.24 -2651.74
00748800 -2637.15 -2651.15
00748860 -2638.59 -2651.22
00748920 -2638.06 -2652.00
00748980 -2639.96 -2652.34
00749040 -2641.35 -2653.23
00749100 -2642.01 -2653.24
00749160 -2642.04 -2652.23
00749220 -2643.07 -2652.50
00749280 -2644.10 -2651.88
00749340 -2644.43 -2651.91
00749400 -2646.82 -2653.09
00749460 -2647.23 -2652.99
00749520 -2649.14 -2652.48
00749580 -2649.75 -2652.27
00749640 -2649.94 -2652.98
00749700 -2651.06 -2653.72
00749760 -2650.78 -2653.31
00749820 -2652.33 -2653.18
00749880 -2653.11 -2653.06
00749940 -2654.68 -2653.84
00750000 -2655.49 -2653.82
00750060 -2656.00 -2654.63
00750120 -2657.35 -2654.10
00750180 -2658.21 -2654.14
00750240 -2659.78 -2654.85
00750300 -2659.72 -2653.83
00750360 -2660.41 -2653.72
00750420 -2661.98 -2654.48
00750480 -2662.78 -2654.75
00750540 -2663.49 -2654.31
00750600 -2664.21 -2655.08
00750660 -2665.03 -2654.07
00750720 -2666.68 -2655.31
00750780 -2667.27 -2655.28
00750840 -2669.00 -2655.22
00750900 -2670.25 -2654.64
00750960 -2669.69 -2655.32
00751020 -2671.02 -2655.23
00751080 -2670.60 -2654.66
00751140 -2672.18 -2655.55
00751200 -2673.72 -2655.66
00751260 -2674.54 -2655.93
00751320 -2675.28 -2655.55
00751380 -2675.21 -2655.57
00751440 -2676.56 -2655.77
00751500 -2678.87 -2655.93
00751560 -2678.68 -2656.59
00751620 -2679.07 -2656.08
00751680 -2680.74 -2655.93
00751740 -2681.04 -2656.39
00751800 -2682.24 -2655.91
00751860 -2683.54 -2655.88
00751920 -2684.39 -2656.25
00751980 -2685.02 -2656.70
00752040 -2686.33 -2657.66
00752100 -2686.93 -2657.01
00752160 -2687.18 -2656.97
00752220 -2688.26 -2656.88
00752280 -2689.40 -2657.47
00752340 -2690.72 -2656.60
00752400 -2691.62 -2658.17
00752460 -2692.92 -2656.48
00752520 -2693.18 -2657.68
00752580 -2693.10 -2657.28
00752640 -2695.29 -2658.22
00752700 -2695.57 -2656.99
00752760 -2696.88 -2658.17
00752820 -2697.65 -2658.32
00752880 -2698.85 -2658.51
00752940 -2699.76 -2658.13
00753000 -2700.18 -2658.04
00753060 -2700.60 -2658.57
00753120 -2702.59 -2658.57
00753180 -2702.49 -2658.64
00753240 -2704.08 -2658.43
00753300 -2704.81 -2658.22
00753360 -2706.11 -2658.84
00753420 -2706.78 -2658.61
00753480 -2707.57 -2658.90
00753540 -2708.23 -2658.30
00753600 -2709.53 -2658.84
00753660 -2710.19 -2659.39
00753720 -2711.87 -2659.85
00753780 -2712.14 -2659.17
00753840 -2713.22 -2659.15
00753900 -2714.03 -2659.58
00753960 -2714.61 -2659.81
00754020 -2715.77 -2660.08
00754080 -2717.76 -2659.89
00754140 -2717.43 -2659.50
00754200 -2718.93 -2660.91
00754260 -2719.66 -2660.42
00754320 -2719.60 -2660.78
00754380 -2721.03 -2660.79
00754440 -2722.70 -2660.09
00754500 -2722.98 -2661.08
00754560 -2723.41 -2660.57
00754620 -2724.91 -2661.47
00754680 -2726.58 -2660.87
00754740 -2727.49 -2660.54
00754800 -2727.48 -2661.80
00754860 -2728.36 -2660.76
00754920 -2729.19 -2661.74
00754980 -2730.37 -2660.61
00755040 -2730.93 -2662.00
00755100 -2732.36 -2660.59
00755160 -2732.83 -2662.23
00755220 -2733.97 -2662.08
00755280 -2734.45 -2662.58
00755340 -2735.12 -2661.81
00755400 -2737.01 -2661.95
00755460 -2736.88 -2662.27
00755520 -2738.58 -2662.28
00755580 -2739.60 -2662.32
00755640 -2739.85 -2662.21
00755700 -2741.57 -2662.79
00755760 -2741.81 -2662.55
00755820 -2742.98 -2663.25
00755880 -2743.54 -2662.43
00755940 -2745.57 -2663.28
00756000 -2745.72 -2664.35
00756060 -2747.01 -2663.40
00756120 -2747.98 -2662.60
00756180 -2748.84 -2663.44
00756240 -2749.39 -2663.64
00756300 -2750.03 -2662.41
00756360 -2750.54 -2663.34
00756420 -2752.46 -2663.26
00756480 -2751.96 -2663.68
00756540 -2753.89 -2664.03
00756600 -2754.77 -2664.72
00756660 -2754.50 -2663.54
00756720 -2756.38 -2664.65
00756780 -2757.31 -2664.63
00756840 -2757.34 -2663.88
00756900 -2759.30 -2663.93
00756960 -2760.23 -2664.39
00757020 -2761.38 -2665.85
00757080 -2761.75 -2665.39
00757140 -2763.59 -2665.41
00757200 -2764.18 -2664.88
00757260 -2763.87 -2664.82
00757320 -2765.40 -2665.12
00757380 -2765.84 -2665.55
00757440 -2767.59 -2665.78
00757500 -2768.01 -2665.06
00757560 -2768.92 -2664.67
00757620 -2770.78 -2665.83
00757680 -2771.15 -2665.49
00757740 -2771.62 -2664.16
00757800 -2772.77 -2664.91
00757860 -2773.98 -2664.13
00757920 -2774.27 -2664.03
00757980 -2775.79 -2664.40
00758040 -2776.27 -2664.92
00758100 -2778.30 -2664.83
00758160 -2778.46 -2663.88
00758220 -2780.21 -2664.11
00758280 -2780.30 -2662.97
00758340 -2781.47 -2663.15
00758400 -2782.93 -2663.47
00758460 -2782.84 -2662.87
00758520 -2784.85 -2663.43
00758580 -2785.23 -2663.20
00758640 -2786.54 -2663.21
00758700 -2787.73 -2662.66
00758760 -2788.35 -2661.91
00758820 -2788.86 -2661.79
00758880 -2788.98 -2661.63
00758940 -2790.66 -2662.25
00759000 -2792.39 -2662.07
00759060 -2793.25 -2661.33
00759120 -2793.64 -2661.48
00759180 -2795.75 -2661.57
00759240 -2795.52 -2660.75
00759300 -2796.84 -2660.62
00759360 -2798.46 -2660.74
00759420 -2798.64 -2660.96
00759480 -2800.27 -2661.00
00759540 -2800.51 -2658.58
00759600 -2801.79 -2660.93
00759660 -2803.54 -2659.84
00759720 -2804.23 -2659.67
00759780 -2804.93 -2658.75
00759840 -2804.93 -2659.21
00759900 -2806.68 -2659.70
00759960 -2807.43 -2659.97
00760020 -2808.74 -2659.66
00760080 -2808.98 -2658.97
00760140 -2811.03 -2659.01
00760200 -2810.61 -2658.40
00760260 -2812.56 -2658.25
00760320 -2812.67 -2657.40
00760380 -2814.97 -2657.86
00760440 -2815.69 -2657.79
00760500 -2816.49 -2657.64
00760560 -2817.51 -2657.94
00760620 -2817.79 -2656.63
00760680 -2818.47 -2656.72
00760740 -2819.93 -2657.37
00760800 -2820.69 -2656.20
00760860 -2822.03 -2656.81
00760920 -2823.63 -2656.92
00760980 -2824.41 -2655.39
00761040 -2824.75 -2656.75
00761100 -2825.99 -2656.12
00761160 -2826.26 -2655.16
00761220 -2827.18 -2655.14
00761280 -2828.36 -2655.59
00761340 -2829.78 -2655.32
00761400 -2831.39 -2654.75
00761460 -2831.45 -2655.47
00761520 -2832.97 -2654.67
00761580 -2833.99 -2653.97
00761640 -2834.12 -2654.10
00761700 -2835.85 -2653.49
00761760 -2836.66 -2653.67
00761820 -2836.99 -2653.53
00761880 -2837.91 -2652.37
00761940 -2838.55 -2653.54
00762000 -2839.99 -2653.08
00762060 -2840.59 -2652.52
00762120 -2842.40 -2653.65
00762180 -2843.67 -2653.20
00762240 -2844.50 -2652.27
00762300 -2844.68 -2652.66
00762360 -2845.50 -2652.78
00762420 -2846.68 -2652.53
00762480 -2848.06 -2651.51
00762540 -2849.07 -2651.66
00762600 -2849.58 -2651.03
00762660 -2850.47 -2651.65
00762720 -2851.46 -2651.51
00762780 -2852.42 -2650.95
00762840 -2853.92 -2651.14
00762900 -2854.60 -2650.90
00762960 -2855.23 -2651.19
00763020 -2856.33 -2650.13
00763080 -2857.12 -2649.89
00763140 -2858.11 -2650.48
00763200 -2859.10 -2650.10
00763260 -2860.22 -2650.69
00763320 -2861.15 -2649.74
00763380 -2862.72 -2648.93
00763440 -2863.29 -2649.12
00763500 -2864.28 -2649.36
00763560 -2864.96 -2649.86
00763620 -2867.10 -2650.05
00763680 -2867.03 -2649.09
00763740 -2868.14 -2648.30
00763800 -2869.25 -2647.95
00763860 -2870.36 -2647.95
00763920 -2870.38 -2648.08
00763980 -2872.17 -2647.47
00764040 -2872.79 -2646.25
00764100 -2873.94 -2647.02
00764160 -2874.15 -2647.43
00764220 -2876.07 -2647.03
00764280 -2877.31 -2646.19
00764340 -2877.68 -2646.43
00764400 -2879.68 -2646.76
00764460 -2879.13 -2646.29
00764520 -2879.95 -2646.16
00764580 -2882.08 -2646.08
00764640 -2882.92 -2645.65
00764700 -2883.79 -2645.52
00764760 -2884.42 -2644.77
00764820 -2886.65 -2644.81
00764880 -2885.95 -2645.59
00764940 -2886.89 -2644.84
00765000 -2888.72 -2644.74
00765060 -2889.92 -2645.20
00765120 -2890.69 -2644.87
00765180 -2891.26 -2644.50
00765240 -2892.23 -2643.71
00765300 -2891.53 -2643.63
00765360 -2893.83 -2643.47
00765420 -2895.27 -2643.37
00765480 -2896.85 -2643.73
00765540 -2896.85 -2643.26
00765600 -2897.63 -2643.69
00765660 -2899.52 -2642.09
00765720 -2898.97 -2642.73
00765780 -2899.89 -2642.05
00765840 -2898.85 -2641.11
00765900 -2898.83 -2641.51
00765960 -2898.43 -2638.96
00766020 -2899.09 -2639.47
00766080 -2898.21 -2639.33
00766140 -2897.83 -2637.48
00766200 -2897.19 -2637.79
00766260 -2896.47 -2637.18
00766320 -2895.81 -2636.86
00766380 -2895.40 -2637.17
00766440 -2896.14 -2635.46
00766500 -2896.26 -2635.36
00766560 -2895.13 -2634.61
00766620 -2894.37 -2633.70
00766680 -2894.71 -2632.75
00766740 -2893.86 -2632.15
00766800 -2893.86 -2631.49
00766860 -2893.29 -2630.74
00766920 -2894.01 -2630.16
00766980 -2894.03 -2629.90
00767040 -2891.08 -2628.97
00767100 -2891.60 -2629.17
00767160 -2891.19 -2628.51
00767220 -2892.30 -2628.04
00767280 -2890.74 -2627.04
00767340 -2891.25 -2626.40
00767400 -2891.49 -2626.35
00767460 -2889.95 -2625.23
00767520 -2890.90 -2623.97
00767580 -2890.02 -2623.97
00767640 -2889.44 -2623.35
00767700 -2889.28 -2622.46
00767760 -2888.51 -2622.42
00767820 -2887.91 -2621.65
00767880 -2888.19 -2621.91
00767940 -2887.86 -2620.76
00768000 -2886.92 -2619.19
00768060 -2888.08 -2618.64
00768120 -2887.26 -2619.57
00768180 -2885.69 -2617.54
00768240 -2885.59 -2615.63
00768300 -2884.52 -2614.32
00768360 -2884.18 -2612.89
00768420 -2882.37 -2610.84
00768480 -2882.82 -2609.15
00768540 -2882.00 -2608.76
00768600 -2881.82 -2605.77
00768660 -2880.62 -2604.37
00768720 -2879.75 -2603.26
00768780 -2879.11 -2601.37
00768840 -2877.23 -2600.13
00768900 -2877.21 -2598.05
00768960 -2877.00 -2596.38
00769020 -2875.62 -2594.05
00769080 -2874.84 -2593.69
00769140 -2874.03 -2591.98
00769200 -2873.20 -2590.85
00769260 -2872.57 -2589.15
00769320 -2871.47 -2587.12
00769380 -2871.40 -2585.80
00769440 -2870.52 -2583.62
00769500 -2869.26 -2582.52
00769560 -2868.38 -2580.41
00769620 -2868.68 -2579.36
00769680 -2867.16 -2577.76
00769740 -2866.78 -2576.94
00769800 -2865.45 -2574.22
00769860 -2863.90 -2573.27
00769920 -2864.03 -2572.58
00769980 -2863.92 -2571.13
00770040 -2862.93 -2569.24
00770100 -2861.15 -2567.93
00770160 -2861.50 -2565.28
00770220 -2861.30 -2564.40
00770280 -2859.58 -2561.97
00770340 -2859.52 -2561.28
00770400 -2859.18 -2562.77
00770460 -2859.87 -2561.79
00770520 -2859.65 -2562.02
00770580 -2859.65 -2564.60
00770640 -2860.74 -2563.89
00770700 -2860.69 -2565.44
00770760 -2861.37 -2565.52
00770820 -2861.55 -2566.45
00770880 -2861.02 -2567.73
00770940 -2862.25 -2568.04
00771000 -2861.83 -2569.12
00771060 -2862.39 -2569.07
00771120 -2861.93 -2570.25
00771180 -2861.73 -2570.91
00771240 -2863.96 -2571.89
00771300 -2863.48 -2572.83
00771360 -2863.38 -2573.93
00771420 -2863.77 -2574.17
00771480 -2863.49 -2574.87
00771540 -2863.49 -2575.07
00771600 -2863.79 -2576.63
00771660 -2864.13 -2577.16
00771720 -2864.15 -2577.11
00771780 -2866.57 -2577.99
00771840 -2865.28 -2578.44
00771900 -2866.62 -2579.02
00771960 -2866.80 -2580.61
00772020 -2866.76 -2580.99
00772080 -2866.59 -2581.80
00772140 -2867.28 -2582.39
00772200 -2867.41 -2583.32
00772260 -2867.47 -2583.55
00772320 -2868.04 -2585.25
00772380 -2867.83 -2585.16
00772440 -2869.07 -2586.70
00772500 -2868.54 -2586.72
00772560 -2868.99 -2587.26
00772620 -2869.53 -2588.37
00772680 -2869.28 -2589.19
00772740 -2869.91 -2589.54
00772800 -2868.87 -2591.51
00772860 -2870.78 -2591.46
00772920 -2870.58 -2591.16
00772980 -2871.14 -2592.40
00773040 -2870.49 -2593.28
00773100 -2871.84 -2593.72
00773160 -2871.74 -2595.20
00773220 -2872.68 -2594.96
00773280 -2872.64 -2597.00
00773340 -2872.85 -2597.34
00773400 -2872.16 -2598.62
00773460 -2873.25 -2598.53
00773520 -2873.95 -2599.09
00773580 -2873.70 -2600.74
00773640 -2873.60 -2601.39
00773700 -2874.08 -2601.59
00773760 -2875.35 -2601.85
00773820 -2875.53 -2602.45
00773880 -2875.36 -2603.40
00773940 -2875.50 -2603.79
00774000 -2876.22 -2605.51
00774060 -2875.78 -2605.73
00774120 -2876.17 -2606.77
00774180 -2876.28 -2607.20
00774240 -2876.24 -2607.48
00774300 -2877.22 -2609.01
00774360 -2877.72 -2608.69
00774420 -2877.56 -2610.03
00774480 -2877.45 -2611.39
00774540 -2878.02 -2611.18
00774600 -2878.20 -2612.17
00774660 -2878.83 -2613.33
00774720 -2879.83 -2613.83
00774780 -2879.08 -2614.11
00774840 -2880.32 -2614.72
00774900 -2879.58 -2616.68
00774960 -2880.36 -2616.04
00775020 -2880.61 -2617.54
00775080 -2881.02 -2618.64
00775140 -2881.14 -2618.55
00775200 -2881.89 -2620.35
00775260 -2881.27 -2619.88
00775320 -2882.15 -2620.57
00775380 -2883.31 -2621.62
00775440 -2882.31 -2621.90
00775500 -2882.74 -2623.09
00775560 -2882.86 -2623.90
00775620 -2883.24 -2624.79
00775680 -2883.52 -2625.47
00775740 -2884.18 -2625.52
00775800 -2883.83 -2626.34
00775860 -2884.17 -2627.53
00775920 -2884.21 -2627.64
00775980 -2885.29 -2628.88
00776040 -2884.89 -2629.83
00776100 -2885.15 -2631.11
00776160 -2886.07 -2630.28
00776220 -2886.38 -2631.64
00776280 -2886.04 -2632.47
00776340 -2886.75 -2632.93
00776400 -2887.24 -2633.37
00776460 -2887.27 -2635.09
00776520 -2887.76 -2635.51
00776580 -2886.87 -2636.01
00776640 -2887.79 -2636.22
00776700 -2887.75 -2636.92
00776760 -2889.15 -2638.23
00776820 -2888.29 -2639.31
00776880 -2889.05 -2639.87
00776940 -2888.98 -2640.47
00777000 -2889.05 -2640.82
00777060 -2890.55 -2642.10
00777120 -2889.41 -2641.69
00777180 -2890.32 -2643.23
00777240 -2891.11 -2644.12
00777300 -2891.49 -2645.60
00777360 -2891.92 -2645.96
00777420 -2890.88 -2646.54
00777480 -2891.43 -2647.27
00777540 -2891.82 -2647.12
00777600 -2892.56 -2647.81
00777660 -2892.76 -2649.14
00777720 -2893.86 -2648.96
00777780 -2892.96 -2649.92
00777840 -2893.75 -2650.93
00777900 -2894.19 -2652.23
00777960 -2894.37 -2652.88
00778020 -2894.65 -2653.42
00778080 -2895.02 -2654.40
00778140 -2895.34 -2655.36
00778200 -2894.47 -2656.00
00778260 -2895.06 -2656.54
00778320 -2895.32 -2656.96
00778380 -2896.56 -2657.97
00778440 -2896.62 -2659.10
00778500 -2896.30 -2660.20
00778560 -2897.54 -2659.73
00778620 -2897.85 -2659.90
00778680 -2898.12 -2661.66
00778740 -2898.81 -2663.33
00778800 -2897.74 -2662.14
00778860 -2898.63 -2664.01
00778920 -2898.85 -2663.71
00778980 -2899.14 -2665.91
00779040 -2898.74 -2666.32
00779100 -2899.34 -2666.12
00779160 -2899.84 -2665.82
00779220 -2899.59 -2668.91
00779280 -2899.47 -2668.72
00779340 -2900.52 -2670.12
00779400 -2901.31 -2670.91
00779460 -2901.12 -2670.40
00779520 -2901.97 -2670.80
00779580 -2901.31 -2672.52
00779640 -2902.57 -2673.58
00779700 -2902.10 -2673.72
00779760 -2902.82 -2674.23
00779820 -2903.11 -2675.47
00779880 -2902.70 -2675.98
00779940 -2902.61 -2675.65
00780000 -2903.49 -2677.59
00780060 -2903.67 -2677.88
00780120 -2904.46 -2678.01
00780180 -2904.93 -2680.18
00780240 -2904.72 -2679.75
00780300 -2905.91 -2680.60
00780360 -2905.01 -2681.46
00780420 -2906.14 -2682.60
00780480 -2905.65 -2683.39
00780540 -2905.96 -2683.37
00780600 -2906.15 -2684.41
00780660 -2907.17 -2685.28
00780720 -2906.72 -2685.60
00780780 -2906.47 -2686.11
00780840 -2907.78 -2687.43
00780900 -2907.27 -2688.31
00780960 -2908.54 -2688.72
00781020 -2908.86 -2689.91
00781080 -2908.58 -2691.22
00781140 -2908.71 -2690.60
00781200 -2909.35 -2692.27
00781260 -2910.03 -2693.42
00781320 -2908.76 -2693.37
00781380 -2910.87 -2693.92
00781440 -2909.27 -2694.44
00781500 -2909.64 -2693.94
00781560 -2910.75 -2694.41
00781620 -2909.23 -2693.77
00781680 -2909.60 -2694.74
00781740 -2910.04 -2693.79
00781800 -2909.67 -2693.15
00781860 -2908.76 -2693.55
00781920 -2910.29 -2693.65
00781980 -2909.11 -2694.29
00782040 -2909.53 -2694.18
00782100 -2909.19 -2693.89
00782160 -2910.28 -2694.02
00782220 -2910.64 -2693.71
00782280 -2910.00 -2695.01
00782340 -2909.86 -2694.37
00782400 -2909.32 -2694.87
00782460 -2910.35 -2694.62
00782520 -2909.30 -2693.84
00782580 -2910.06 -2693.77
00782640 -2909.76 -2693.73
00782700 -2910.13 -2694.21
00782760 -2909.85 -2694.45
00782820 -2909.28 -2694.50
00782880 -2910.59 -2694.24
00782940 -2909.67 -2693.89
00783000 -2909.45 -2693.13
00783060 -2909.86 -2693.74
00783120 -2910.16 -2694.70
00783180 -2909.27 -2694.08
00783240 -2909.68 -2694.52
00783300 -2910.03 -2694.55
00783360 -2910.01 -2694.48
00783420 -2909.36 -2693.80
00783480 -2909.93 -2694.11
00783540 -2909.37 -2694.37
00783600 -2909.28 -2694.55
00783660 -2910.17 -2694.04
00783720 -2909.41 -2694.18
00783780 -2908.74 -2694.78
00783840 -2910.33 -2694.28
00783900 -2910.41 -2694.18
00783960 -2909.52 -2693.73
00784020 -2909.52 -2694.16
00784080 -2911.55 -2695.29
00784140 -2910.23 -2694.16
00784200 -2910.03 -2694.44
00784260 -2909.97 -2694.51
00784320 -2909.85 -2695.37
00784380 -2909.83 -2694.96
00784440 -2909.94 -2694.62
00784500 -2910.13 -2694.71
00784560 -2909.91 -2694.44
00784620 -2910.26 -2694.86
00784680 -2909.48 -2695.60
00784740 -2909.82 -2695.40
00784800 -2910.54 -2693.78
00784860 -2909.88 -2694.16
00784920 -2910.40 -2694.01
00784980 -2910.32 -2694.37
00785040 -2909.67 -2694.08
00785100 -2910.24 -2694.72
00785160 -2910.18 -2694.96
00785220 -2908.52 -2694.90
00785280 -2909.81 -2693.89
00785340 -2910.24 -2694.83
00785400 -2910.23 -2694.14
00785460 -2909.63 -2694.43
00785520 -2909.39 -2694.86
00785580 -2909.88 -2694.21
00785640 -2909.83 -2694.66
00785700 -2909.49 -2694.47
00785760 -2909.47 -2695.15
00785820 -2909.73 -2694.45
00785880 -2909.56 -2694.29
00785940 -2909.30 -2695.10
00786000 -2910.43 -2695.53
00786060 -2910.26 -2695.12
00786120 -2909.69 -2694.90
00786180 -2909.23 -2695.23
00786240 -2910.02 -2695.07
00786300 -2910.57 -2695.03
00786360 -2910.63 -2695.20
00786420 -2910.29 -2694.77
00786480 -2910.07 -2694.98
00786540 -2909.77 -2694.59
00786600 -2909.98 -2695.17
00786660 -2909.91 -2694.34
00786720 -2910.07 -2695.54
00786780 -2909.40 -2695.19
00786840 -2909.61 -2695.28
00786900 -2909.61 -2694.80
00786960 -2909.66 -2694.46
00787020 -2908.94 -2695.92
00787080 -2909.99 -2695.01
00787140 -2909.57 -2695.33
00787200 -2910.12 -2695.03
00787260 -2910.24 -2694.54
00787320 -2910.30 -2695.08
00787380 -2910.01 -2694.90
00787440 -2909.73 -2695.27
00787500 -2910.31 -2695.29
00787560 -2910.43 -2695.25
00787620 -2909.86 -2695.72
00787680 -2910.63 -2694.89
00787740 -2909.08 -2695.22
00787800 -2910.72 -2694.87
00787860 -2911.49 -2695.50
00787920 -2912.23 -2695.72
00787980 -2912.76 -2695.05
00788040 -2914.16 -2695.43
00788100 -2913.85 -2696.03
00788160 -2915.41 -2696.44
00788220 -2915.56 -2697.55
00788280 -2916.26 -2696.46
00788340 -2917.95 -2697.76
00788400 -2917.71 -2696.30
00788460 -2918.21 -2697.32
00788520 -2917.99 -2697.43
00788580 -2919.50 -2696.40
00788640 -2920.26 -2697.46
00788700 -2921.26 -2697.34
00788760 -2921.22 -2697.22
00788820 -2923.19 -2697.95
00788880 -2923.27 -2697.43
00788940 -2923.06 -2697.46
00789000 -2924.47 -2698.07
00789060 -2925.65 -2698.66
00789120 -2926.93 -2698.69
00789180 -2926.91 -2698.06
00789240 -2927.02 -2698.80
00789300 -2928.09 -2699.03
00789360 -2929.61 -2699.30
00789420 -2930.01 -2699.07
00789480 -2930.20 -2699.68
00789540 -2931.09 -2698.79
00789600 -2931.80 -2699.88
00789660 -2932.42 -2699.52
00789720 -2933.33 -2700.29
00789780 -2934.63 -2700.44
00789840 -2934.53 -2700.39
00789900 -2935.84 -2700.51
00789960 -2936.97 -2699.75
00790020 -2936.57 -2700.49
00790080 -2937.67 -2701.32
00790140 -2939.18 -2700.84
00790200 -2939.53 -2701.33
00790260 -2939.06 -2700.65
00790320 -2940.84 -2701.43
00790380 -2941.71 -2700.53
00790440 -2941.82 -2701.10
00790500 -2942.37 -2701.62
00790560 -2943.62 -2702.13
00790620 -2943.84 -2701.28
00790680 -2944.86 -2702.49
00790740 -2944.89 -2702.97
00790800 -2945.98 -2702.27
00790860 -2946.22 -2702.25
00790920 -2948.19 -2702.40
00790980 -2948.69 -2702.43
00791040 -2948.41 -2702.65
00791100 -2949.56 -2701.98
00791160 -2950.61 -2703.56
00791220 -2950.49 -2702.84
00791280 -2952.49 -2704.11
00791340 -2951.87 -2703.12
00791400 -2953.41 -2704.16
00791460 -2953.91 -2704.13
00791520 -2954.33 -2703.50
00791580 -2954.12 -2704.02
00791640 -2956.68 -2703.31
00791700 -2956.71 -2703.95
00791760 -2957.49 -2705.03
00791820 -2957.16 -2704.12
00791880 -2958.48 -2704.30
00791940 -2959.93 -2704.86
00792000 -2960.53 -2704.82
00792060 -2960.26 -2704.84
00792120 -2963.10 -2706.04
00792180 -2961.11 -2705.11
00792240 -2962.57 -2705.13
00792300 -2962.91 -2705.98
00792360 -2965.36 -2704.74
00792420 -2964.18 -2705.53
00792480 -2965.38 -2706.79
00792540 -2966.67 -2705.92
00792600 -2967.04 -2706.44
00792660 -2968.00 -2706.61
00792720 -2968.29 -2706.30
00792780 -2969.32 -2705.98
00792840 -2970.64 -2705.82
00792900 -2970.61 -2707.30
00792960 -2971.95 -2708.05
00793020 -2971.75 -2708.10
00793080 -2972.89 -2707.25
00793140 -2974.48 -2707.92
00793200 -2974.90 -2707.62
00793260 -2975.36 -2707.52
00793320 -2976.67 -2708.11
00793380 -2977.16 -2707.47
00793440 -2977.40 -2708.43
00793500 -2977.65 -2708.85
00793560 -2978.79 -2708.16
00793620 -2978.55 -2708.17
00793680 -2979.56 -2708.78
00793740 -2980.22 -2708.16
00793800 -2981.78 -2708.76
00793860 -2981.46 -2710.39
00793920 -2982.13 -2709.01
00793980 -2983.94 -2708.95
00794040 -2984.12 -2709.27
00794100 -2985.75 -2710.28
00794160 -2987.39 -2709.89
00794220 -2986.66 -2710.40
00794280 -2988.21 -2710.07
00794340 -2987.75 -2710.64
00794400 -2988.73 -2711.24
00794460 -2989.07 -2710.19
00794520 -2989.74 -2710.53
00794580 -2990.04 -2711.63
00794640 -2991.94 -2712.08
00794700 -2993.56 -2710.70
00794760 -2991.79 -2710.53
00794820 -2993.10 -2712.07
00794880 -2993.85 -2710.91
00794940 -2995.20 -2711.30
00795000 -2995.51 -2711.88
00795060 -2996.58 -2711.89
00795120 -2996.93 -2712.65
00795180 -2997.52 -2712.13
00795240 -2998.66 -2711.74
00795300 -3000.05 -2713.23
00795360 -3000.35 -2712.74
00795420 -3000.63 -2713.19
00795480 -3001.29 -2713.08
00795540 -3001.88 -2713.33
00795600 -3002.78 -2712.50
00795660 -3004.60 -2713.21
00795720 -3005.27 -2714.00
00795780 -3004.53 -2713.06
00795840 -3005.40 -2713.27
00795900 -3006.93 -2713.54
00795960 -3007.26 -2714.32
00796020 -3008.12 -2714.74
00796080 -3008.63 -2714.79
00796140 -3009.45 -2714.90
00796200 -3009.85 -2714.40
00796260 -3010.53 -2714.29
00796320 -3010.85 -2714.86
00796380 -3011.65 -2713.72
00796440 -3012.50 -2715.47
00796500 -3014.16 -2714.97
00796560 -3015.33 -2715.54
00796620 -3015.91 -2714.24
00796680 -3015.30 -2715.62
00796740 -3016.69 -2714.82
00796800 -3017.03 -2715.18
00796860 -3017.67 -2715.50
00796920 -3017.78 -2715.68
00796980 -3018.15 -2714.12
00797040 -3020.18 -2715.09
00797100 -3020.52 -2714.91
00797160 -3020.97 -2715.46
00797220 -3021.52 -2714.95
00797280 -3021.86 -2715.08
00797340 -3022.76 -2714.11
00797400 -3023.88 -2715.40
00797460 -3023.84 -2714.23
00797520 -3025.58 -2715.04
00797580 -3025.15 -2714.91
00797640 -3026.62 -2713.52
00797700 -3026.56 -2715.27
00797760 -3027.85 -2715.38
00797820 -3028.09 -2714.49
00797880 -3028.57 -2714.23
00797940 -3030.33 -2714.12
00798000 -3029.87 -2714.98
00798060 -3031.04 -2713.86
00798120 -3031.67 -2714.26
00798180 -3031.61 -2713.51
00798240 -3032.19 -2713.04
00798300 -3033.86 -2713.38
00798360 -3035.07 -2713.98
00798420 -3034.86 -2713.50
00798480 -3035.37 -2713.38
00798540 -3036.19 -2713.87
00798600 -3036.36 -2713.33
00798660 -3036.73 -2714.09
00798720 -3037.81 -2714.19
00798780 -3038.84 -2714.46
00798840 -3039.29 -2712.87
00798900 -3039.66 -2713.64
00798960 -3040.83 -2713.10
00799020 -3040.23 -2714.24
00799080 -3041.42 -2713.72
00799140 -3043.34 -2712.81
00799200 -3043.14 -2713.31
00799260 -3043.62 -2713.35
00799320 -3043.44 -2713.17
00799380 -3045.73 -2713.68
00799440 -3045.44 -2712.59
00799500 -3047.11 -2712.70
00799560 -3047.13 -2713.35
00799620 -3047.20 -2713.08
00799680 -3048.25 -2712.26
00799740 -3049.11 -2712.49
00799800 -3050.61 -2712.22
00799860 -3049.61 -2713.14
00799920 -3051.18 -2713.07
00799980 -3051.23 -2712.72
00800040 -3051.95 -2713.85
00800100 -3052.85 -2712.74
00800160 -3053.60 -2713.07
00800220 -3053.73 -2711.91
00800280 -3054.27 -2712.47
00800340 -3055.79 -2711.93
00800400 -3055.07 -2712.14
00800460 -3057.03 -2712.19
00800520 -3056.64 -2712.26
00800580 -3056.33 -2712.46
00800640 -3056.13 -2712.25
00800700 -3055.78 -2711.64
00800760 -3056.14 -2712.14
00800820 -3054.72 -2713.91
00800880 -3054.18 -2713.38
00800940 -3052.97 -2713.93
00801000 -3053.34 -2713.29
00801060 -3053.37 -2715.27
00801120 -3052.18 -2715.26
00801180 -3052.14 -2715.28
00801240 -3051.43 -2716.12
00801300 -3050.55 -2715.70
00801360 -3050.28 -2717.20
00801420 -3049.46 -2717.09
00801480 -3049.24 -2716.79
00801540 -3047.48 -2717.82
00801600 -3047.92 -2718.43
00801660 -3047.09 -2718.10
00801720 -3046.66 -2719.52
00801780 -3046.96 -2718.34
00801840 -3045.49 -2719.18
00801900 -3045.19 -2718.57
00801960 -3044.28 -2719.35
00802020 -3043.93 -2720.31
00802080 -3043.22 -2719.95
00802140 -3043.22 -2720.57
00802200 -3042.83 -2722.62
00802260 -3042.40 -2721.12
00802320 -3040.89 -2720.38
00802380 -3041.07 -2720.02
00802440 -3040.09 -2722.26
00802500 -3040.17 -2722.85
00802560 -3039.51 -2723.46
00802620 -3038.36 -2723.43
00802680 -3037.61 -2724.09
00802740 -3037.16 -2723.18
00802800 -3038.24 -2724.47
00802860 -3037.03 -2724.43
00802920 -3036.41 -2724.83
00802980 -3035.14 -2724.74
00803040 -3035.01 -2726.25
00803100 -3033.94 -2726.16
00803160 -3033.58 -2725.83
00803220 -3033.23 -2726.84
00803280 -3033.09 -2726.61
00803340 -3032.16 -2727.27
00803400 -3032.11 -2726.81
00803460 -3030.02 -2727.54
00803520 -3031.51 -2727.52
00803580 -3030.63 -2728.57
00803640 -3029.81 -2728.92
00803700 -3028.29 -2729.18
00803760 -3028.77 -2730.04
00803820 -3026.63 -2729.95
00803880 -3027.31 -2729.41
00803940 -3026.62 -2731.43
00804000 -3026.43 -2730.99
00804060 -3024.82 -2730.92
00804120 -3024.23 -2731.27
00804180 -3023.96 -2731.76
00804240 -3023.63 -2731.82
00804300 -3023.89 -2732.41
00804360 -3022.92 -2732.51
00804420 -3022.48 -2732.97
00804480 -3022.08 -2732.41
00804540 -3020.57 -2733.11
00804600 -3020.79 -2734.48
00804660 -3020.26 -2734.58
00804720 -3021.09 -2734.95
00804780 -3018.85 -2734.66
00804840 -3018.62 -2734.38
00804900 -3018.61 -2735.36
00804960 -3017.55 -2736.03
00805020 -3017.32 -2736.22
00805080 -3016.09 -2736.90
00805140 -3015.29 -2735.91
00805200 -3015.55 -2737.16
00805260 -3014.31 -2738.22
00805320 -3015.15 -2737.86
00805380 -3014.05 -2737.49
00805440 -3014.00 -2738.60
00805500 -3012.95 -2738.38
00805560 -3012.12 -2739.18
00805620 -3012.13 -2738.08
00805680 -3009.94 -2739.78
00805740 -3011.55 -2740.75
00805800 -3009.91 -2740.09
00805860 -3009.04 -2740.85
00805920 -3009.08 -2741.13
00805980 -3009.04 -2741.45
00806040 -3007.54 -2742.00
00806100 -3007.62 -2742.29
00806160 -3006.72 -2742.05
00806220 -3006.73 -2743.05
00806280 -3006.05 -2743.03
00806340 -3004.10 -2742.37
00806400 -3004.85 -2744.49
00806460 -3004.09 -2743.38
00806520 -3003.47 -2744.84
00806580 -3003.00 -2744.28
00806640 -3002.73 -2745.43
00806700 -3001.33 -2745.49
00806760 -3001.19 -2745.62
00806820 -3000.65 -2746.76
00806880 -3000.10 -2745.42
00806940 -2999.06 -2746.28
00807000 -2998.62 -2746.64
00807060 -2998.49 -2747.47
00807120 -2998.96 -2747.02
00807180 -2997.97 -2748.00
00807240 -2997.01 -2747.79
00807300 -2996.84 -2748.37
00807360 -2995.10 -2749.00
00807420 -2994.93 -2750.43
00807480 -2995.07 -2749.71
00807540 -2994.46 -2749.61
00807600 -2994.39 -2749.66
00807660 -2993.45 -2750.20
00807720 -2992.29 -2750.93
00807780 -2992.16 -2752.14
00807840 -2992.03 -2751.31
00807900 -2991.54 -2751.68
00807960 -2991.03 -2752.91
00808020 -2989.78 -2752.79
00808080 -2989.80 -2752.49
00808140 -2988.74 -2753.31
00808200 -2987.69 -2753.80
00808260 -2988.78 -2753.52
00808320 -2988.06 -2754.46
00808380 -2986.69 -2754.86
00808440 -2986.50 -2754.81
00808500 -2985.47 -2755.54
00808560 -2985.98 -2755.29
00808620 -2983.93 -2755.73
00808680 -2983.88 -2756.74
00808740 -2983.75 -2756.94
00808800 -2982.14 -2755.88
00808860 -2981.71 -2757.00
00808920 -2982.28 -2758.09
00808980 -2981.94 -2758.07
00809040 -2980.40 -2757.75
00809100 -2980.48 -2758.69
00809160 -2979.35 -2759.03
00809220 -2979.05 -2759.49
00809280 -2979.16 -2759.04
00809340 -2977.91 -2759.47
00809400 -2977.05 -2760.12
00809460 -2976.67 -2759.66
00809520 -2976.40 -2760.41
00809580 -2975.55 -2761.16
00809640 -2976.21 -2760.84
00809700 -2975.08 -2761.06
00809760 -2974.22 -2762.48
00809820 -2973.30 -2761.78
00809880 -2972.99 -2762.68
00809940 -2973.43 -2762.78
00810000 -2972.47 -2763.40
00810060 -2972.21 -2763.30
00810120 -2971.49 -2764.30
00810180 -2969.24 -2763.76
00810240 -2969.12 -2764.36
00810300 -2970.33 -2765.34
00810360 -2969.78 -2764.42
00810420 -2968.83 -2765.73
00810480 -2968.39 -2766.26
00810540 -2967.03 -2766.56
00810600 -2967.00 -2766.82
00810660 -2965.72 -2765.98
00810720 -2965.80 -2767.40
00810780 -2964.99 -2767.37
00810840 -2964.18 -2767.97
00810900 -2964.84 -2767.05
00810960 -2964.77 -2769.74
00811020 -2964.52 -2769.66
00811080 -2965.67 -2771.06
00811140 -2965.65 -2773.28
00811200 -2965.33 -2773.71
00811260 -2966.35 -2775.09
00811320 -2966.75 -2775.95
00811380 -2967.86 -2776.84
00811440 -2967.56 -2777.94
00811500 -2968.05 -2778.54
00811560 -2969.69 -2781.23
00811620 -2968.81 -2781.64
00811680 -2968.72 -2783.58
00811740 -2969.89 -2783.63
00811800 -2971.08 -2785.92
00811860 -2970.21 -2786.67
00811920 -2971.77 -2788.01
00811980 -2972.03 -2788.82
00812040 -2972.32 -2790.07
00812100 -2972.39 -2791.62
00812160 -2973.18 -2792.54
00812220 -2973.51 -2793.40
00812280 -2973.46 -2794.73
00812340 -2972.85 -2795.41
00812400 -2974.28 -2796.62
00812460 -2974.39 -2798.30
00812520 -2974.84 -2798.81
00812580 -2975.14 -2801.23
00812640 -2975.45 -2802.43
00812700 -2975.97 -2803.00
00812760 -2975.90 -2804.01
00812820 -2975.70 -2805.68
00812880 -2977.84 -2807.09
00812940 -2977.68 -2807.71
00813000 -2978.59 -2808.90
00813060 -2978.15 -2809.58
00813120 -2978.18 -2810.32
00813180 -2979.31 -2812.13
00813240 -2979.70 -2812.59
00813300 -2980.76 -2814.50
00813360 -2980.89 -2815.67
00813420 -2980.70 -2816.85
00813480 -2980.50 -2818.13
00813540 -2981.40 -2819.80
00813600 -2981.64 -2819.93
00813660 -2982.63 -2820.77
00813720 -2983.04 -2823.60
00813780 -2983.30 -2823.87
00813840 -2983.69 -2824.35
00813900 -2984.13 -2826.15
00813960 -2984.00 -2827.33
00814020 -2985.19 -2828.86
00814080 -2985.56 -2829.03
00814140 -2986.53 -2830.82
00814200 -2986.64 -2831.77
00814260 -2985.98 -2832.74
00814320 -2986.11 -2834.48
00814380 -2987.05 -2834.10
00814440 -2987.60 -2836.99
00814500 -2987.81 -2838.16
00814560 -2987.79 -2838.88
00814620 -2987.85 -2839.66
00814680 -2989.30 -2840.79
00814740 -2989.71 -2841.68
00814800 -2990.87 -2844.10
00814860 -2990.74 -2844.23
00814920 -2991.89 -2846.46
00814980 -2991.39 -2846.03
00815040 -2991.35 -2848.81
00815100 -2991.36 -2849.52
00815160 -2992.18 -2850.44
00815220 -2992.88 -2851.41
00815280 -2993.89 -2853.13
00815340 -2993.23 -2854.78
00815400 -2994.77 -2855.81
00815460 -2994.90 -2857.02
00815520 -2994.89 -2858.14
00815580 -2995.58 -2858.91
00815640 -2996.32 -2859.84
00815700 -2996.59 -2860.85
00815760 -2997.67 -2862.37
00815820 -2996.79 -2864.09
00815880 -2997.61 -2864.03
00815940 -2997.70 -2865.89
00816000 -2999.52 -2867.23
00816060 -2998.94 -2867.08
00816120 -2999.09 -2869.94
00816180 -2999.56 -2870.99
00816240 -3000.25 -2871.54
00816300 -3001.09 -2872.72
00816360 -2999.71 -2873.30
00816420 -3001.17 -2875.51
00816480 -3001.72 -2876.72
00816540 -3001.45 -2877.51
00816600 -3001.90 -2876.10
00816660 -3001.75 -2873.79
00816720 -3002.02 -2871.92
00816780 -3002.77 -2870.64
00816840 -3003.63 -2868.52
00816900 -3003.76 -2866.53
00816960 -3003.12 -2865.36
00817020 -3003.72 -2863.71
00817080 -3002.96 -2862.08
00817140 -3004.44 -2859.35
00817200 -3004.34 -2857.74
00817260 -3004.48 -2856.27
00817320 -3004.48 -2854.45
00817380 -3004.94 -2852.17
00817440 -3005.03 -2852.37
00817500 -3005.62 -2850.06
00817560 -3005.78 -2846.21
00817620 -3005.49 -2845.97
00817680 -3006.12 -2844.41
00817740 -3006.68 -2843.71
00817800 -3006.58 -2840.58
00817860 -3005.64 -2839.41
00817920 -3007.01 -2837.93
00817980 -3006.92 -2836.00
00818040 -3007.52 -2833.76
00818100 -3007.42 -2831.77
00818160 -3006.57 -2830.13
00818220 -3008.32 -2828.05
00818280 -3008.71 -2827.55
00818340 -3008.18 -2825.00
00818400 -3008.83 -2823.38
00818460 -3009.07 -2821.63
00818520 -3009.38 -2820.13
00818580 -3009.55 -2816.72
00818640 -3009.40 -2816.89
00818700 -3009.69 -2813.97
00818760 -3010.37 -2812.52
00818820 -3010.11 -2810.34
00818880 -3009.78 -2809.99
00818940 -3010.47 -2807.06
00819000 -3011.35 -2805.35
00819060 -3011.36 -2803.84
00819120 -3011.63 -2801.74
00819180 -3011.06 -2801.60
00819240 -3011.01 -2798.35
00819300 -3010.71 -2796.61
00819360 -3011.63 -2796.64
00819420 -3011.40 -2795.96
00819480 -3012.67 -2794.80
00819540 -3011.39 -2793.44
00819600 -3012.82 -2793.84
00819660 -3011.83 -2792.30
00819720 -3012.45 -2792.52
00819780 -3012.02 -2791.34
00819840 -3012.90 -2789.89
00819900 -3013.29 -2790.66
00819960 -3012.39 -2789.74
00820020 -3012.44 -2789.07
00820080 -3012.90 -2788.76
00820140 -3012.99 -2787.28
00820200 -3014.16 -2787.16
00820260 -3012.34 -2785.84
00820320 -3012.58 -2786.29
00820380 -3011.85 -2786.19
00820440 -3011.13 -2787.55
00820500 -3010.43 -2785.65
00820560 -3010.71 -2786.01
00820620 -3009.67 -2785.97
00820680 -3008.97 -2784.94
00820740 -3009.09 -2785.47
00820800 -3009.09 -2784.14
00820860 -3008.28 -2785.22
00820920 -3007.43 -2784.62
00820980 -3006.04 -2784.74
00821040 -3007.29 -2783.81
00821100 -3006.50 -2784.55
00821160 -3005.61 -2783.78
00821220 -3005.06 -2783.99
00821280 -3005.01 -2784.20
00821340 -3004.13 -2784.42
00821400 -3004.31 -2783.22
00821460 -3003.17 -2783.35
00821520 -3003.16 -2783.09
00821580 -3001.67 -2782.76
00821640 -3001.81 -2782.64
00821700 -3002.52 -2782.84
00821760 -3001.10 -2782.93
00821820 -3001.20 -2782.98
00821880 -3001.36 -2782.66
00821940 -3000.60 -2782.16
00822000 -2999.02 -2781.47
00822060 -2998.93 -2782.07
00822120 -2998.08 -2782.27
00822180 -2997.72 -2780.79
00822240 -2997.57 -2780.70
00822300 -2998.09 -2781.31
00822360 -2996.32 -2780.48
00822420 -2996.65 -2779.94
00822480 -2995.97 -2781.14
00822540 -2995.34 -2779.20
00822600 -2995.30 -2780.13
00822660 -2994.77 -2780.55
00822720 -2994.14 -2779.68
00822780 -2994.60 -2779.53
00822840 -2993.14 -2779.74
00822900 -2993.97 -2779.28
00822960 -2992.64 -2778.63
00823020 -2992.09 -2779.22
00823080 -2991.41 -2779.86
00823140 -2991.11 -2779.78
00823200 -2991.25 -2780.92
00823260 -2991.39 -2780.34
00823320 -2990.07 -2782.01
00823380 -2990.23 -2782.69
00823440 -2989.71 -2783.20
00823500 -2989.30 -2784.46
00823560 -2988.83 -2784.73
00823620 -2989.39 -2785.30
00823680 -2988.06 -2785.41
00823740 -2988.30 -2786.64
00823800 -2987.06 -2787.64
00823860 -2988.07 -2787.04
00823920 -2987.16 -2787.50
00823980 -2986.75 -2789.23
00824040 -2986.95 -2788.76
00824100 -2985.74 -2789.08
00824160 -2986.71 -2790.39
00824220 -2984.52 -2791.65
00824280 -2985.19 -2791.21
00824340 -2984.11 -2792.76
00824400 -2984.24 -2793.70
00824460 -2984.82 -2793.67
00824520 -2982.78 -2794.19
00824580 -2983.75 -2794.65
00824640 -2983.66 -2796.13
00824700 -2982.96 -2795.81
00824760 -2982.56 -2796.52
00824820 -2982.96 -2797.81
00824880 -2981.52 -2797.84
00824940 -2981.85 -2798.45
00825000 -2982.12 -2798.75
00825060 -2981.74 -2800.19
00825120 -2981.27 -2801.19
00825180 -2981.91 -2802.35
00825240 -2982.17 -2802.62
00825300 -2980.60 -2803.47
00825360 -2981.74 -2804.09
00825420 -2982.25 -2805.04
00825480 -2981.01 -2805.87
00825540 -2980.44 -2806.70
00825600 -2981.93 -2807.37
00825660 -2981.09 -2808.48
00825720 -2981.09 -2808.71
00825780 -2981.36 -2810.06
00825840 -2980.89 -2810.78
00825900 -2980.73 -2812.11
00825960 -2980.86 -2811.32
00826020 -2980.53 -2813.42
00826080 -2980.03 -2813.78
00826140 -2980.37 -2814.49
00826200 -2980.44 -2815.90
00826260 -2981.58 -2816.45
00826320 -2980.63 -2817.12
00826380 -2979.35 -2817.73
00826440 -2980.28 -2818.60
00826500 -2980.67 -2819.78
00826560 -2980.80 -2820.03
00826620 -2980.34 -2820.33
00826680 -2979.59 -2821.40
00826740 -2979.89 -2822.36
00826800 -2980.46 -2823.69
00826860 -2979.96 -2824.55
00826920 -2979.06 -2824.82
00826980 -2980.33 -2825.37
00827040 -2979.71 -2826.13
00827100 -2979.39 -2827.49
00827160 -2979.85 -2827.76
00827220 -2978.16 -2828.42
00827280 -2979.76 -2829.82
00827340 -2979.13 -2829.23
00827400 -2978.82 -2830.79
00827460 -2978.77 -2831.51
00827520 -2979.35 -2831.86
00827580 -2979.48 -2832.74
00827640 -2979.23 -2834.34
00827700 -2978.75 -2834.19
00827760 -2978.78 -2835.45
00827820 -2978.29 -2836.29
00827880 -2978.24 -2836.82
00827940 -2978.98 -2837.05
00828000 -2978.62 -2837.77
00828060 -2978.47 -2839.43
00828120 -2978.56 -2840.34
00828180 -2978.72 -2840.30
00828240 -2979.01 -2841.86
00828300 -2978.07 -2842.60
00828360 -2978.25 -2844.08
00828420 -2978.05 -2845.04
00828480 -2978.52 -2845.41
00828540 -2977.61 -2846.11
00828600 -2978.22 -2846.72
00828660 -2977.10 -2846.16
00828720 -2977.91 -2846.86
00828780 -2977.94 -2848.52
00828840 -2977.83 -2850.21
00828900 -2977.21 -2850.24
00828960 -2977.45 -2850.59
00829020 -2977.57 -2851.47
00829080 -2977.47 -2852.83
00829140 -2978.22 -2852.71
00829200 -2977.51 -2854.31
00829260 -2977.11 -2854.92
00829320 -2976.39 -2855.34
00829380 -2977.42 -2857.31
00829440 -2977.43 -2858.25
00829500 -2976.77 -2858.13
00829560 -2977.00 -2858.42
00829620 -2976.59 -2860.51
00829680 -2976.92 -2861.30
00829740 -2977.35 -2861.47
00829800 -2976.81 -2863.01
00829860 -2975.97 -2861.82
00829920 -2976.09 -2863.64
00829980 -2975.50 -2863.98
00830040 -2976.25 -2864.44
00830100 -2976.10 -2865.80
00830160 -2976.84 -2866.66
00830220 -2976.67 -2867.09
00830280 -2975.31 -2868.13
00830340 -2977.31 -2869.81
00830400 -2974.73 -2869.33
00830460 -2975.54 -2870.41
00830520 -2976.26 -2870.55
00830580 -2975.61 -2869.88
00830640 -2975.56 -2870.48
00830700 -2975.62 -2870.21
00830760 -2976.46 -2869.72
00830820 -2975.97 -2869.48
00830880 -2976.42 -2868.84
00830940 -2976.40 -2870.65
00831000 -2976.13 -2870.02
00831060 -2974.66 -2869.73
00831120 -2975.50 -2870.12
00831180 -2975.61 -2870.45
00831240 -2975.16 -2869.66
00831300 -2975.84 -2869.18
00831360 -2975.82 -2869.09
00831420 -2975.07 -2868.95
00831480 -2975.67 -2870.00
00831540 -2975.39 -2869.75
00831600 -2974.58 -2870.17
00831660 -2975.22 -2870.05
00831720 -2975.31 -2870.91
00831780 -2974.55 -2869.82
00831840 -2975.40 -2869.34
00831900 -2975.32 -2869.60
00831960 -2975.73 -2870.53
00832020 -2975.86 -2870.49
00832080 -2974.89 -2869.93
00832140 -2975.08 -2870.14
00832200 -2975.10 -2869.51
00832260 -2976.51 -2869.42
00832320 -2975.18 -2870.08
00832380 -2974.97 -2869.37
00832440 -2974.72 -2870.29
00832500 -2975.03 -2869.04
00832560 -2975.56 -2869.90
00832620 -2975.26 -2870.85
00832680 -2974.50 -2870.18
00832740 -2974.83 -2869.98
00832800 -2975.02 -2870.17
00832860 -2975.54 -2870.56
00832920 -2975.18 -2869.84
00832980 -2974.89 -2869.33
00833040 -2975.86 -2870.70
00833100 -2975.81 -2869.97
00833160 -2974.95 -2869.61
00833220 -2976.66 -2869.29
00833280 -2974.69 -2869.74
00833340 -2975.11 -2870.43
00833400 -2975.90 -2869.93
00833460 -2975.58 -2870.16
00833520 -2975.98 -2870.21
00833580 -2975.22 -2869.99
00833640 -2975.77 -2870.45
00833700 -2974.66 -2869.47
00833760 -2975.35 -2869.68
00833820 -2974.67 -2869.55
00833880 -2975.91 -2869.53
00833940 -2976.04 -2870.36
00834000 -2975.06 -2870.19
00834060 -2975.14 -2869.39
00834120 -2974.24 -2869.86
00834180 -2975.14 -2869.39
00834240 -2975.94 -2869.46
00834300 -2974.13 -2870.39
00834360 -2974.67 -2869.45
00834420 -2975.37 -2869.58
00834480 -2974.04 -2870.37
00834540 -2975.65 -2869.76
00834600 -2974.68 -2868.82
00834660 -2975.28 -2869.65
00834720 -2975.27 -2869.67
00834780 -2976.01 -2869.50
00834840 -2975.24 -2869.81
00834900 -2974.98 -2869.61
00834960 -2974.84 -2869.01
00835020 -2974.86 -2870.55
00835080 -2974.86 -2869.87
00835140 -2975.06 -2870.27
00835200 -2975.87 -2870.09
00835260 -2974.47 -2869.67
00835320 -2974.43 -2870.42
00835380 -2974.15 -2870.93
00835440 -2973.94 -2869.28
00835500 -2974.49 -2869.84
00835560 -2975.67 -2870.94
00835620 -2974.13 -2870.45
00835680 -2974.62 -2869.93
00835740 -2975.08 -2870.19
00835800 -2974.47 -2869.21
00835860 -2974.15 -2868.97
00835920 -2974.50 -2869.35
00835980 -2974.82 -2869.44
00836040 -2974.39 -2870.39
00836100 -2974.59 -2869.62
00836160 -2975.05 -2869.81
00836220 -2975.03 -2869.81
00836280 -2975.50 -2869.28
00836340 -2974.64 -2869.93
00836400 -2974.26 -2869.91
00836460 -2974.08 -2871.17
00836520 -2974.66 -2870.17
00836580 -2974.98 -2870.78
00836640 -2975.58 -2870.21
00836700 -2975.83 -2870.39
00836760 -2976.21 -2871.79
00836820 -2976.48 -2871.02
00836880 -2976.18 -2872.36
00836940 -2976.76 -2872.77
00837000 -2976.81 -2872.75
00837060 -2976.20 -2872.40
00837120 -2977.58 -2873.65
00837180 -2978.01 -2873.22
00837240 -2978.29 -2874.20
00837300 -2978.31 -2874.14
00837360 -2978.49 -2874.64
00837420 -2979.29 -2874.13
00837480 -2978.92 -2875.10
00837540 -2978.58 -2875.58
00837600 -2979.58 -2875.87
00837660 -2979.64 -2875.15
00837720 -2980.10 -2876.68
00837780 -2980.08 -2875.74
00837840 -2981.14 -2877.65
00837900 -2980.65 -2877.61
00837960 -2981.21 -2878.11
00838020 -2981.92 -2877.09
00838080 -2981.04 -2878.82
00838140 -2982.36 -2879.57
00838200 -2982.64 -2878.31
00838260 -2981.81 -2878.59
00838320 -2983.01 -2879.19
00838380 -2983.19 -2879.78
00838440 -2983.37 -2880.44
00838500 -2984.09 -2880.71
00838560 -2984.11 -2880.10
00838620 -2984.82 -2880.59
00838680 -2984.10 -2881.10
00838740 -2985.55 -2882.54
00838800 -2985.67 -2881.78
00838860 -2985.26 -2882.28
00838920 -2985.64 -2882.42
00838980 -2986.10 -2884.12
00839040 -2986.29 -2883.41
00839100 -2986.75 -2883.03
00839160 -2986.50 -2884.14
00839220 -2986.47 -2885.00
00839280 -2986.89 -2884.44
00839340 -2988.17 -2884.20
00839400 -2988.05 -2884.29
00839460 -2987.53 -2884.97
00839520 -2988.23 -2886.76
00839580 -2987.97 -2887.14
00839640 -2987.89 -2886.57
00839700 -2989.26 -2886.73
00839760 -2989.44 -2886.96
00839820 -2989.44 -2886.93
00839880 -2989.17 -2886.55
00839940 -2990.19 -2887.85
